FlowID,Leaf,Size,StartTime,EndTime,CompletionTime
0,69,685,0.000119,0.066214,0.066095
1,72,480,0.000151,0.0662353,0.0660843
4,12,469,0.000353,0.066516,0.066163
9,96,694,0.000871,0.067351,0.06648
10,26,786,0.000889,0.0674491,0.0665601
13,48,124,0.001017,0.0678732,0.0668562
15,78,250,0.001056,0.0680814,0.0670254
16,83,693,0.001097,0.0683242,0.0672272
17,114,469,0.001177,0.0685486,0.0673716
18,60,630,0.001229,0.0686618,0.0674328
22,62,263,0.001373,0.0688294,0.0674564
20,64,1051,0.001366,0.068933,0.067567
23,58,822,0.00153,0.0691992,0.0676692
29,55,328,0.001851,0.0701967,0.0683457
28,54,1903,0.001827,0.0703134,0.0684864
30,57,393,0.002039,0.0703277,0.0682887
31,34,215,0.002068,0.0703335,0.0682655
35,68,627,0.00233,0.0704868,0.0681568
33,27,2397,0.002312,0.070793,0.068481
32,103,3096,0.002294,0.070842,0.068548
38,95,663,0.002412,0.0709084,0.0684964
40,86,628,0.002516,0.0713206,0.0688046
41,110,429,0.00254,0.0714006,0.0688606
42,7,308,0.002609,0.0715776,0.0689686
43,21,202,0.002628,0.0716093,0.0689813
44,42,818,0.002716,0.0717327,0.0690167
48,81,741,0.002765,0.0718482,0.0690832
46,1,1832,0.002763,0.0720614,0.0692984
51,107,587,0.002951,0.072653,0.069702
57,84,221,0.003615,0.073956,0.070341
58,76,736,0.003703,0.0740282,0.0703252
59,33,665,0.003797,0.0740707,0.0702737
60,41,600,0.003801,0.0740844,0.0702834
64,31,661,0.003888,0.0742091,0.0703211
61,2,3405,0.003867,0.0745539,0.0706869
66,74,630,0.004039,0.074747,0.070708
69,91,602,0.004165,0.0750871,0.0709221
73,65,607,0.004244,0.0753796,0.0711356
78,104,490,0.005262,0.0767555,0.0714935
77,40,1340,0.005257,0.0767938,0.0715368
83,71,551,0.006684,0.077421,0.070737
84,47,419,0.006929,0.0777678,0.0708388
87,16,649,0.007393,0.0780924,0.0706994
89,17,682,0.007574,0.0784196,0.0708456
91,43,451,0.007836,0.0786708,0.0708348
92,11,513,0.00785,0.0787196,0.0708696
98,90,451,0.00806,0.0793167,0.0712567
99,108,616,0.008192,0.0799253,0.0717333
104,22,659,0.008441,0.0803461,0.0719051
105,19,351,0.008732,0.0807984,0.0720664
106,106,142,0.00898,0.0808,0.07182
108,9,185,0.011283,0.0810516,0.0697686
109,66,452,0.012413,0.0810847,0.0686717
110,5,671,0.012717,0.0811214,0.0684044
111,105,385,0.013181,0.081135,0.067954
112,49,689,0.013646,0.0811751,0.0675291
5,101,8883,0.000385,0.111336,0.110951
7,89,7394,0.000809,0.111763,0.110954
36,50,7440,0.002341,0.116491,0.11415
39,79,7019,0.002469,0.117101,0.114632
50,14,8223,0.00281,0.117907,0.115097
53,80,9927,0.003021,0.118965,0.115944
62,35,5437,0.003874,0.120245,0.116371
115,112,986,0.06139,0.130483,0.0690928
116,90,554,0.081116,0.147206,0.0660898
117,84,829,0.081633,0.147734,0.0661008
118,82,610,0.085306,0.151398,0.066092
119,103,592,0.089073,0.156101,0.0670278
102,23,8981,0.00839,0.179565,0.171175
121,68,272,0.109168,0.180749,0.0715808
123,41,220,0.112676,0.181,0.0683244
126,89,644,0.130092,0.196185,0.0660934
45,100,25069,0.002761,0.218127,0.215366
122,79,6188,0.110628,0.230863,0.120235
113,53,68337,0.034248,0.234043,0.199795
2,20,107544,0.000265,0.245556,0.245291
47,39,35933,0.002763,0.266861,0.264098
130,63,1184,0.193696,0.27051,0.0768135
100,67,31071,0.008352,0.278863,0.270511
8,111,125205,0.000855,0.29988,0.299025
19,30,159186,0.00123,0.352473,0.351243
134,50,665,0.285748,0.354401,0.0686532
3,24,456587,0.00029,0.378873,0.378583
133,109,7453,0.267938,0.378965,0.111027
27,73,152420,0.001649,0.400206,0.398557
140,6,738,0.335827,0.403199,0.0673722
101,0,43982,0.008363,0.411106,0.402743
142,52,136,0.360648,0.427801,0.0671529
129,24,213491,0.165482,0.467486,0.302004
125,20,345913,0.128336,0.471648,0.343312
6,45,611128,0.000745,0.477352,0.476607
138,73,17406,0.329174,0.48671,0.157536
147,29,670,0.42926,0.495552,0.0662918
128,70,347013,0.154722,0.509272,0.35455
135,28,68192,0.318587,0.521115,0.202528
149,32,866,0.466803,0.53499,0.0681872
131,93,172356,0.220218,0.562084,0.341866
12,77,343870,0.000983,0.56838,0.567397
74,63,58040,0.004364,0.587368,0.583004
153,84,604,0.516509,0.588036,0.0715271
154,66,499,0.536228,0.602344,0.0661159
150,26,9168,0.494153,0.604501,0.110348
155,103,515,0.546748,0.615382,0.0686337
146,45,46386,0.418906,0.618032,0.199126
136,114,347670,0.320811,0.658527,0.337716
157,35,706,0.594982,0.662137,0.067155
158,28,484,0.604611,0.674342,0.0697311
63,18,167329,0.003887,0.678005,0.674118
159,65,243,0.610959,0.680699,0.0697402
160,35,681,0.611632,0.681299,0.0696668
143,70,99509,0.388387,0.686644,0.298257
144,72,216059,0.400274,0.697717,0.297443
137,42,415419,0.328638,0.709646,0.381008
139,23,408300,0.329239,0.723943,0.394704
103,3,51405,0.008417,0.734297,0.72588
141,114,358538,0.343913,0.736574,0.392661
145,38,341399,0.409724,0.747534,0.33781
124,101,84686,0.115458,0.78191,0.666452
151,12,256328,0.50071,0.800526,0.299816
152,77,279761,0.5053,0.803815,0.298515
164,73,7595,0.712353,0.822797,0.110444
156,46,148760,0.579045,0.830674,0.251629
167,59,535,0.765039,0.831126,0.0660868
168,95,512,0.779233,0.847873,0.0686399
169,46,663,0.78396,0.850054,0.0660941
170,56,726,0.798852,0.864949,0.0660966
172,69,732,0.817745,0.883842,0.0660969
173,40,205,0.825225,0.891276,0.0660509
52,75,79355,0.002954,0.897929,0.894975
161,42,248729,0.633343,0.926914,0.293571
120,76,340788,0.102716,0.961075,0.858359
162,69,331269,0.664666,1.00771,0.343042
176,85,7913,0.913068,1.02332,0.110253
181,104,675,0.974507,1.04572,0.0712105
182,29,336,1.00413,1.07035,0.0662174
165,70,348809,0.737483,1.07183,0.334343
183,13,672,1.00654,1.0734,0.0668546
166,92,301544,0.748212,1.08051,0.332299
185,10,180,1.03221,1.09867,0.066463
171,82,154347,0.813446,1.10076,0.287313
67,38,1069,0.004071,1.11894,1.11487
175,73,125773,0.881577,1.12953,0.247953
163,97,504211,0.706954,1.14302,0.436062
188,77,408,1.08551,1.15477,0.0692618
55,59,354418,0.003372,1.16479,1.16142
86,93,118003,0.007339,1.16985,1.16252
95,46,303163,0.007964,1.17752,1.16956
132,47,515992,0.262905,1.18744,0.924535
190,40,620,1.13198,1.2021,0.0701215
191,100,638,1.13882,1.20492,0.0661021
192,63,245,1.14003,1.2061,0.0660699
37,85,134863,0.002374,1.21139,1.20901
193,92,2275,1.14775,1.2148,0.0670512
189,99,7135,1.10851,1.21873,0.11022
177,80,211434,0.941239,1.2368,0.29556
174,38,394425,0.859034,1.24589,0.386852
178,48,343831,0.943301,1.28154,0.338235
194,100,2295,1.22684,1.29301,0.0661659
180,40,302671,0.967329,1.29942,0.332087
11,109,128595,0.000917,1.30013,1.29921
76,88,168756,0.004463,1.30124,1.29677
114,77,150291,0.052135,1.30979,1.25766
49,56,592809,0.002789,1.33849,1.33571
79,52,349100,0.005859,1.34788,1.34202
93,4,486825,0.007916,1.35135,1.34343
85,87,178189,0.007027,1.35271,1.34568
198,57,627,1.29645,1.3681,0.0716566
26,44,341243,0.001638,1.37864,1.377
197,88,7464,1.2885,1.39923,0.11073
184,87,434259,1.02165,1.40094,0.379289
187,46,283815,1.07081,1.40205,0.33124
202,89,648,1.36921,1.43531,0.0660935
97,92,344564,0.008019,1.44165,1.43364
204,33,4932,1.40707,1.47357,0.0664978
88,29,344916,0.00746,1.48098,1.47352
203,18,7290,1.37075,1.48105,0.110292
148,34,304166,0.435353,1.49997,1.06462
206,60,529,1.44569,1.51177,0.066086
209,48,612,1.4788,1.54489,0.0660921
210,66,828,1.48083,1.54695,0.0661202
195,26,294183,1.23198,1.56334,0.33136
200,32,63177,1.3674,1.56802,0.200616
214,45,627,1.51807,1.58417,0.0660927
215,39,418,1.52236,1.58843,0.0660727
24,25,340737,0.001583,1.60648,1.6049
201,64,79179,1.36776,1.61252,0.244757
196,14,298075,1.28819,1.62013,0.331935
199,67,341882,1.30477,1.63895,0.334179
216,37,5666,1.55397,1.66489,0.110925
220,108,295,1.60533,1.67139,0.066058
223,2,156,1.66373,1.73036,0.0666272
21,70,360634,0.001372,1.73815,1.73678
224,111,578,1.67637,1.74652,0.0701441
25,99,197458,0.001626,1.77493,1.7733
205,90,348914,1.43884,1.77576,0.336918
226,34,357,1.71244,1.78092,0.0684846
211,67,213516,1.49541,1.78561,0.290204
229,76,750,1.73843,1.81458,0.0761486
232,111,3452,1.75063,1.82322,0.0725833
233,89,303,1.75397,1.82335,0.0693748
235,97,4645,1.75798,1.82666,0.0686846
34,53,348203,0.002322,1.82769,1.82537
212,7,305261,1.50151,1.83859,0.337078
237,15,588,1.7749,1.84207,0.0671638
213,103,348380,1.50775,1.84654,0.338784
239,50,627,1.78172,1.8529,0.0711727
240,67,712,1.78721,1.85795,0.0707359
221,4,39046,1.65557,1.86477,0.2092
242,61,574,1.79392,1.86582,0.0718948
72,51,206878,0.004235,1.86974,1.8655
245,46,795,1.82357,1.88967,0.0660994
247,101,240,1.8258,1.89187,0.0660679
208,39,341917,1.46471,1.89192,0.427208
65,6,349503,0.003973,1.89287,1.8889
248,65,687,1.82822,1.89437,0.0661558
14,61,340177,0.001023,1.90649,1.90547
250,85,642,1.84387,1.90998,0.0661092
251,69,676,1.84712,1.9148,0.0676762
71,94,239778,0.004185,1.92528,1.9211
249,73,7421,1.8329,1.94316,0.110266
90,102,103492,0.007728,1.9519,1.94417
253,28,1124,1.89299,1.9625,0.0695104
228,25,94756,1.71894,1.9709,0.251961
254,11,119,1.90965,1.97733,0.0676779
256,52,604,1.91587,1.98196,0.0660918
241,69,69264,1.79229,1.99885,0.206563
222,108,92773,1.66057,1.99973,0.339161
231,68,92858,1.74899,2.00066,0.251666
255,9,7486,1.91431,2.0261,0.111789
257,72,13731,1.91677,2.0277,0.110929
260,24,632,1.96121,2.02793,0.0667203
258,79,7196,1.91891,2.03082,0.111913
261,40,4957,1.96414,2.0321,0.0679608
259,9,7400,1.9227,2.03297,0.110274
230,47,240473,1.74076,2.04051,0.299746
70,28,244027,0.004181,2.05311,2.04893
179,90,595129,0.944662,2.0554,1.11074
94,36,247995,0.007925,2.06047,2.05255
186,39,323680,1.03901,2.09087,1.05186
243,0,230100,1.79958,2.0947,0.295115
244,84,147410,1.80543,2.1042,0.298767
263,50,1131,2.03448,2.1047,0.0702202
227,19,282121,1.71879,2.11334,0.394557
218,26,304851,1.56505,2.13288,0.567835
234,106,431430,1.75585,2.13881,0.382956
236,69,306961,1.76439,2.15285,0.38846
246,1,238898,1.82469,2.17078,0.346086
238,107,272193,1.77985,2.17439,0.394545
267,91,780,2.10653,2.17713,0.0705931
81,113,349926,0.006571,2.17933,2.17276
269,69,413,2.13024,2.19692,0.0666788
207,24,1181617,1.45316,2.20295,0.749785
264,11,5700,2.09513,2.2113,0.116169
270,113,340,2.14593,2.21316,0.0672254
252,13,344175,1.85844,2.21424,0.355798
217,27,340451,1.56036,2.26325,0.702887
107,32,347776,0.0093,2.26704,2.25774
262,64,101136,2.02178,2.26916,0.247377
275,81,715,2.20508,2.27117,0.0660962
266,2,45381,2.10497,2.30981,0.204843
274,62,7333,2.19829,2.30995,0.111654
96,15,340691,0.008005,2.31043,2.30243
277,50,903,2.24639,2.31294,0.0665471
278,72,831,2.28058,2.3467,0.0661237
268,43,111156,2.12785,2.37323,0.245377
271,107,72929,2.14619,2.3897,0.243504
280,41,283,2.32493,2.39103,0.0660971
281,37,501,2.32651,2.39259,0.0660827
225,78,205663,1.69071,2.39532,0.704616
272,36,109797,2.1551,2.40422,0.249116
283,19,655,2.34541,2.4115,0.0660938
284,15,295,2.36212,2.42817,0.066058
219,59,342351,1.59927,2.43604,0.836768
265,14,349635,2.10418,2.44327,0.339099
273,41,209886,2.17155,2.46063,0.289084
285,107,679,2.40322,2.46932,0.0660948
54,8,343109,0.003265,2.49306,2.4898
286,33,1457,2.45488,2.52101,0.066128
75,37,399197,0.004391,2.54185,2.53746
288,75,239,2.48951,2.55556,0.0660512
276,20,341086,2.22779,2.56125,0.33346
290,41,421,2.49983,2.56593,0.0661012
279,34,146422,2.32326,2.56889,0.245633
293,93,710,2.53232,2.59842,0.066096
282,112,154629,2.33054,2.61756,0.287024
294,65,537,2.55289,2.61921,0.0663163
68,13,309155,0.004161,2.6217,2.61754
82,97,346336,0.006667,2.6249,2.61823
295,51,258,2.57133,2.63738,0.0660535
296,69,247,2.58935,2.6554,0.0660522
127,55,522838,0.143803,2.67608,2.53228
298,43,485,2.61024,2.67632,0.0660808
301,15,880,2.63743,2.70358,0.0661444
291,89,71947,2.50463,2.70505,0.200421
302,15,659,2.65187,2.71798,0.0661094
289,0,114758,2.49344,2.73769,0.244249
292,41,110649,2.52875,2.7732,0.244445
304,72,1547,2.71371,2.77984,0.0661316
56,10,293483,0.003411,2.79541,2.79199
297,98,76237,2.5937,2.83627,0.242567
287,32,434200,2.47304,2.84869,0.375642
300,82,135942,2.61646,2.86161,0.245149
306,51,799,2.81321,2.87933,0.0661186
307,89,197,2.81712,2.88317,0.0660462
80,98,244431,0.006167,2.88563,2.87947
299,83,206169,2.61087,2.89983,0.288958
308,107,781,2.84319,2.90929,0.0660988
310,35,654,2.8753,2.9414,0.0660938
312,106,4795,2.90449,2.97098,0.0664872
313,45,357,2.90685,2.97292,0.0660654
314,68,426,2.9072,2.97328,0.0660737
305,10,144596,2.74655,2.99208,0.24553
317,21,640,2.93547,3.00156,0.0660932
303,29,282264,2.67983,3.01043,0.330605
321,65,768,2.97146,3.03756,0.0660983
320,17,12326,2.95945,3.0699,0.110447
323,108,429,3.02303,3.08911,0.066074
309,72,108850,2.84924,3.09344,0.244196
327,91,665,3.10115,3.16724,0.0660942
328,76,550,3.10249,3.16857,0.0660896
329,34,175,3.10532,3.17136,0.0660436
316,103,109229,2.93196,3.17594,0.243973
318,94,110044,2.94695,3.19098,0.244029
315,69,191946,2.91756,3.20585,0.288295
311,23,280728,2.89089,3.2214,0.330504
319,38,224555,2.94972,3.24081,0.291094
333,77,364,3.18152,3.24758,0.0660662
334,12,658,3.20005,3.26614,0.0660939
335,53,5187,3.20201,3.2683,0.0662924
336,19,416,3.204,3.27011,0.0661164
331,22,7138,3.16848,3.27871,0.110231
322,83,182702,2.99614,3.28404,0.2879
337,60,788,3.24945,3.31561,0.0661551
324,11,244013,3.02682,3.31854,0.291725
338,43,603,3.25744,3.32353,0.0660917
325,110,171512,3.05863,3.34696,0.288332
340,54,897,3.28586,3.35196,0.0661035
326,69,214889,3.07396,3.36334,0.289383
344,22,2068,3.34149,3.40764,0.0661546
332,42,107322,3.17612,3.42142,0.245298
342,0,29271,3.28836,3.44388,0.155517
346,43,744,3.40097,3.46707,0.0660974
348,86,691,3.42216,3.48825,0.0660952
343,38,146124,3.29635,3.5431,0.246746
349,15,11054,3.43879,3.54919,0.110392
351,42,480,3.4845,3.55058,0.0660802
341,27,257655,3.28818,3.57937,0.291189
339,5,346438,3.26614,3.59982,0.333671
330,50,795873,3.14673,3.61667,0.469944
353,107,424,3.5622,3.62827,0.0660734
354,54,541,3.56454,3.63063,0.0660892
355,90,584,3.56656,3.63265,0.066091
359,97,699,3.58448,3.65073,0.0662467
360,73,665,3.58935,3.65545,0.0661025
361,0,2204,3.5979,3.66406,0.0661622
358,114,7183,3.58428,3.6945,0.110222
363,7,3595,3.65693,3.72315,0.0662222
345,78,323892,3.3969,3.73105,0.334142
364,18,568,3.66368,3.73107,0.0673946
350,94,212557,3.45216,3.74136,0.289206
347,43,347075,3.41376,3.7478,0.334039
369,17,589,3.69187,3.75802,0.0661475
352,66,209616,3.55776,3.84789,0.290134
375,91,328,3.78282,3.84888,0.0660619
378,42,465,3.82543,3.89239,0.0669611
356,6,342674,3.5732,3.90759,0.334397
380,94,2251,3.84309,3.91301,0.0699143
357,18,345570,3.57379,3.91466,0.340863
383,72,543,3.9294,3.99596,0.0665608
362,13,488361,3.63134,4.01087,0.379527
365,62,344314,3.67958,4.0218,0.342222
368,10,266261,3.69043,4.03498,0.344544
382,10,7101,3.92694,4.03985,0.112913
366,96,349116,3.67958,4.06659,0.38701
385,61,7130,3.99231,4.10253,0.11022
392,53,778,4.05487,4.12097,0.0660987
393,65,556,4.06003,4.12618,0.0661494
394,49,659,4.07061,4.1367,0.066094
395,24,899,4.07392,4.14103,0.067116
376,35,346902,3.80746,4.14195,0.334491
397,113,3280,4.11679,4.18383,0.0670483
381,77,302295,3.8619,4.203,0.341103
374,95,233196,3.77577,4.20421,0.428435
370,32,257458,3.727,4.24701,0.52001
401,86,461,4.19213,4.26158,0.0694434
384,75,366115,3.93898,4.27466,0.335688
387,3,223354,4.00483,4.30178,0.296949
402,9,457,4.24661,4.32026,0.0736437
403,11,1904,4.24712,4.32037,0.0732493
390,43,185093,4.0327,4.32191,0.28921
404,110,976,4.25821,4.32432,0.0661066
386,20,344028,4.00078,4.33424,0.333458
405,14,167,4.2764,4.34257,0.0661726
373,95,343950,3.74114,4.35421,0.613067
389,108,210037,4.0213,4.36331,0.34201
406,98,731,4.30301,4.36914,0.0661365
377,72,232324,3.82095,4.38741,0.566461
391,96,343132,4.05341,4.3911,0.337684
398,65,214012,4.12664,4.41591,0.289268
399,75,209777,4.14626,4.44193,0.295664
388,84,600966,4.01698,4.49819,0.481214
411,10,609,4.45573,4.52182,0.066092
412,80,644,4.45918,4.52528,0.0661034
372,113,340571,3.73917,4.53161,0.792437
413,35,451,4.46719,4.53327,0.0660767
415,46,256,4.47495,4.54128,0.0663369
417,94,4764,4.4867,4.55298,0.0662733
409,75,29534,4.40158,4.55644,0.154859
371,46,382126,3.73622,4.57429,0.838077
416,11,7499,4.482,4.59223,0.110235
408,38,119555,4.36599,4.61046,0.244476
420,34,2420,4.55291,4.61908,0.0661709
422,5,603,4.57048,4.63657,0.0660917
410,39,107319,4.42614,4.67102,0.244881
407,112,414906,4.31493,4.68971,0.374778
426,101,528,4.62387,4.68997,0.0661014
427,105,736,4.64296,4.70905,0.066097
396,13,500064,4.10902,4.71563,0.60661
432,6,223,4.72259,4.78864,0.0660493
414,99,346684,4.46848,4.80224,0.333761
433,26,528,4.73979,4.81002,0.070235
418,34,382777,4.51703,4.85735,0.340322
423,51,157605,4.57425,4.86194,0.287695
424,0,158795,4.59505,4.88189,0.286835
421,65,297135,4.56167,4.89506,0.333395
435,6,433,4.83873,4.90575,0.0670179
428,106,125643,4.66987,4.91587,0.245996
437,26,636,4.85633,4.92243,0.0661
419,61,470086,4.55188,4.93157,0.379691
425,114,281771,4.61182,4.94642,0.334601
439,11,184,4.89164,4.95814,0.0664915
440,2,3453,4.91159,4.97785,0.0662637
441,62,1449,4.91184,4.97799,0.0661477
442,9,478,4.91268,4.9788,0.0661142
444,27,1008,4.9293,4.99541,0.0661079
436,43,21708,4.84529,4.9998,0.154514
445,43,290,4.93757,5.00366,0.066089
431,21,238118,4.71495,5.00531,0.290357
446,20,226,4.94258,5.00863,0.0660497
429,27,345198,4.6807,5.01453,0.333829
447,111,695,4.94912,5.01564,0.0665172
448,90,680,4.95322,5.01931,0.0660948
450,76,411,4.9789,5.04497,0.0660719
451,0,3630,4.98236,5.04863,0.0662617
452,73,679,5.01494,5.08104,0.0660948
454,34,601,5.02808,5.09417,0.0660916
379,61,346930,3.82597,5.1016,1.27563
438,35,145225,4.88399,5.12957,0.245587
434,96,349923,4.82894,5.16388,0.334944
456,39,10575,5.08101,5.19138,0.110371
459,57,1414,5.14354,5.21015,0.0666053
462,113,421,5.16678,5.23285,0.0660731
463,20,1091,5.17212,5.23823,0.0661134
449,20,215730,4.95814,5.24769,0.289556
443,18,340924,4.92033,5.25359,0.333258
464,14,771,5.2043,5.2704,0.0660984
460,12,13448,5.16099,5.27149,0.110499
466,47,761,5.22643,5.29255,0.0661224
467,41,502,5.236,5.30209,0.0660828
453,43,248181,5.02103,5.3119,0.290868
469,45,4303,5.26243,5.32869,0.0662548
470,91,746,5.29229,5.35839,0.0660974
471,40,799,5.29495,5.36105,0.0660996
457,69,245204,5.09342,5.38507,0.291649
461,73,81410,5.1661,5.40885,0.242748
472,61,144,5.34489,5.41093,0.0660398
400,111,292496,4.15008,5.42204,1.27196
430,26,348900,4.68757,5.42259,0.735019
473,42,269,5.35573,5.42368,0.067955
455,27,536955,5.04298,5.42615,0.383162
475,71,1000,5.3597,5.42619,0.0664957
458,69,308430,5.12747,5.45925,0.331777
476,11,7389,5.37841,5.48879,0.110387
367,75,346360,3.68935,5.53576,1.84641
465,106,345987,5.20481,5.54123,0.336416
481,114,874,5.48395,5.55006,0.0661026
482,111,418,5.49595,5.56203,0.0660727
479,16,10438,5.45837,5.56874,0.110365
483,103,5044,5.51136,5.57787,0.0665053
468,100,342221,5.24563,5.57915,0.333521
484,12,165,5.51637,5.58342,0.0670473
485,77,762,5.51884,5.5853,0.0664593
488,98,7051,5.59053,5.70074,0.110217
478,86,270683,5.43862,5.7312,0.292579
474,14,442274,5.35666,5.73429,0.377628
492,51,629,5.69291,5.759,0.0660928
480,96,225806,5.47089,5.76369,0.292797
477,4,516898,5.38948,5.76878,0.3793
494,114,445,5.70884,5.7756,0.0667608
495,77,678,5.71823,5.78432,0.0660947
487,37,91965,5.58359,5.82684,0.243249
493,77,20104,5.69685,5.85133,0.154481
490,113,88835,5.62017,5.86396,0.243792
496,69,369,5.80709,5.87315,0.0660668
497,10,697,5.80801,5.8741,0.0660955
486,98,305040,5.55573,5.88966,0.333931
502,96,427,5.88042,5.9465,0.0660738
506,70,740,5.89417,5.96027,0.0660972
489,87,523404,5.59822,5.98159,0.383379
510,34,542,5.94244,6.00853,0.0660893
498,16,53871,5.81442,6.01357,0.199158
491,78,321965,5.68419,6.01657,0.332377
512,111,128,5.97956,6.04652,0.0669598
514,16,299,5.99176,6.05783,0.0660725
515,87,392,5.99373,6.0598,0.0660717
511,92,7421,5.97903,6.09314,0.114115
513,95,12649,5.98678,6.09725,0.110462
517,17,240,6.04459,6.11064,0.0660514
499,113,344526,5.8353,6.17065,0.335351
503,47,221969,5.89014,6.18097,0.290829
500,18,262516,5.8446,6.18362,0.339023
504,7,238182,5.89041,6.18591,0.2955
522,84,452,6.1244,6.19266,0.0682622
501,74,303815,5.8595,6.19887,0.339368
523,98,410,6.14876,6.2159,0.0671441
524,51,571,6.15575,6.22185,0.0661083
525,72,252,6.15728,6.22349,0.0662196
505,41,182452,5.89272,6.23079,0.338074
527,96,323,6.18639,6.25289,0.0665031
508,27,340068,5.92526,6.25846,0.333199
526,72,7410,6.16509,6.27548,0.110385
507,0,340306,5.90661,6.2968,0.390196
528,1,68,6.23494,6.30098,0.0660396
520,110,129195,6.07747,6.3287,0.251225
516,42,348491,5.99741,6.33556,0.338149
529,0,1095,6.29267,6.35878,0.0661136
509,108,205270,5.93879,6.36525,0.426466
532,19,760,6.36596,6.43206,0.066098
519,51,416588,6.07312,6.45478,0.381661
534,3,631,6.3931,6.4592,0.0661025
536,79,463,6.40165,6.46773,0.0660781
537,66,651,6.40255,6.46867,0.0661142
518,97,296692,6.04629,6.47201,0.425722
521,0,472244,6.1062,6.48453,0.378333
538,43,1131,6.4409,6.50702,0.066115
539,30,1090,6.44282,6.50893,0.0661134
540,13,4931,6.44466,6.51094,0.0662821
544,84,526,6.5296,6.59572,0.0661254
545,32,373,6.54439,6.61046,0.0660673
547,46,4120,6.55213,6.61837,0.0662454
533,68,122364,6.38784,6.63239,0.244552
535,37,130890,6.39513,6.64044,0.245307
546,40,10684,6.54663,6.65732,0.110689
530,32,345241,6.33398,6.66738,0.333405
548,113,3481,6.6042,6.67041,0.0662176
549,70,468,6.61336,6.67944,0.0660787
531,83,305467,6.35321,6.68525,0.332046
554,69,714,6.62541,6.69151,0.0660962
556,90,771,6.6796,6.74633,0.0667309
557,92,189,6.68178,6.7489,0.0671233
561,16,860,6.71672,6.78282,0.066102
562,23,632,6.72904,6.7972,0.0681582
541,12,341516,6.4792,6.81244,0.333239
542,81,374002,6.49963,6.83557,0.335943
543,106,252340,6.50242,6.84023,0.33781
565,107,755,6.8037,6.87441,0.0707161
564,45,6595,6.77172,6.88539,0.113668
550,5,340145,6.61438,6.94805,0.333665
572,33,696,6.89202,6.96281,0.0707957
551,74,343772,6.62213,6.96391,0.341779
573,78,4360,6.90048,6.97242,0.0719308
555,49,353862,6.63659,6.97581,0.339216
559,80,192710,6.69426,6.98487,0.290614
552,103,348686,6.62223,7.0076,0.385373
553,46,347077,6.62312,7.01778,0.39466
578,75,518,6.95237,7.01986,0.0674985
558,11,397020,6.69084,7.02854,0.3377
575,54,9252,6.92382,7.03414,0.110325
570,96,67882,6.88102,7.08144,0.200418
563,108,340083,6.74826,7.08432,0.33606
581,43,653,7.04688,7.11301,0.0661256
579,63,10871,7.00624,7.11694,0.110701
571,96,83792,6.88858,7.1329,0.244323
567,91,245043,6.85219,7.15152,0.29933
566,95,348695,6.81124,7.1534,0.342159
583,74,754,7.09858,7.16986,0.071281
584,111,1975,7.13518,7.20171,0.0665371
582,88,11870,7.089,7.20177,0.112769
568,0,315823,6.87189,7.2054,0.333517
569,61,358593,6.87375,7.21401,0.340262
574,43,322512,6.90902,7.24366,0.334647
576,17,305718,6.92774,7.26055,0.332809
587,51,1097,7.19796,7.26474,0.0667737
589,16,623,7.24037,7.30647,0.0660925
577,106,500380,6.94058,7.31917,0.37859
588,20,9094,7.21074,7.32154,0.110793
580,80,345270,7.0211,7.35452,0.333416
592,96,214,7.28975,7.35581,0.0660621
594,48,668,7.29174,7.35783,0.0660943
590,46,5462,7.26573,7.37584,0.110112
595,59,323,7.31032,7.37638,0.0660613
596,114,9896,7.31496,7.4253,0.110341
600,68,657,7.36678,7.43287,0.0660939
591,77,30656,7.28921,7.44413,0.154911
603,111,649,7.37813,7.44422,0.0660936
604,86,690,7.38254,7.44868,0.0661379
585,37,210820,7.16012,7.44928,0.289162
586,81,348132,7.18507,7.51861,0.333535
610,64,4795,7.46326,7.53164,0.0683865
611,111,796,7.46445,7.53206,0.0676136
593,40,135742,7.29097,7.53795,0.246984
613,89,440,7.48059,7.54667,0.0660754
597,53,100705,7.32585,7.56945,0.243597
612,0,11107,7.46929,7.58395,0.114667
616,67,219,7.52369,7.58974,0.0660488
601,62,145583,7.37395,7.62333,0.249378
618,38,693,7.56563,7.63802,0.0723976
617,55,7242,7.52892,7.63914,0.110224
619,19,318,7.58428,7.65034,0.0660607
620,66,647,7.58662,7.65271,0.0660935
598,88,346045,7.32987,7.66837,0.338498
602,113,210079,7.37485,7.67358,0.29873
621,108,486,7.60468,7.67688,0.072201
624,96,737,7.64335,7.70947,0.0661182
606,75,139011,7.42658,7.72451,0.297924
609,101,219838,7.46243,7.75666,0.294231
599,106,343940,7.33464,7.76458,0.429944
629,94,1134,7.70282,7.76938,0.0665597
633,35,624,7.73459,7.8007,0.0661069
636,34,1683,7.75393,7.82007,0.0661392
634,65,8059,7.73669,7.84696,0.110261
605,4,239636,7.42268,7.89478,0.472096
622,30,180256,7.60713,7.90585,0.29872
607,24,251808,7.42908,7.90837,0.479287
642,30,536,7.84614,7.91541,0.0692655
646,22,528,7.85744,7.92355,0.0661051
625,114,237561,7.65593,7.94884,0.292911
643,26,7135,7.84831,7.96177,0.113454
627,42,224894,7.68053,7.97125,0.290716
648,3,7782,7.87202,7.98229,0.11027
628,110,208301,7.70098,7.99071,0.289728
653,34,138,7.93613,8.00637,0.0702389
637,52,132558,7.78708,8.03283,0.245752
638,6,102903,7.792,8.04049,0.248489
630,40,305137,7.70748,8.05304,0.345558
635,35,203915,7.75256,8.05451,0.301947
639,0,76437,7.80431,8.05686,0.252544
641,61,141699,7.81842,8.06877,0.250352
658,0,302,7.99871,8.07079,0.0720862
660,61,754,8.01497,8.08107,0.0660978
661,10,557,8.01662,8.08312,0.0664995
626,104,335472,7.6599,8.08979,0.429891
662,0,341,8.02614,8.0923,0.0661627
608,31,447196,7.4294,8.12869,0.699292
666,15,703,8.06738,8.13348,0.0660957
631,22,343768,7.71667,8.15384,0.437171
669,61,784,8.11984,8.18596,0.0661166
668,95,7197,8.08519,8.19682,0.11163
656,51,100715,7.95988,8.21133,0.251448
632,7,532099,7.73171,8.21375,0.482046
649,83,344601,7.87513,8.21716,0.34203
647,76,461975,7.86353,8.2445,0.380976
672,27,633,8.21262,8.28355,0.0709352
673,57,767,8.21918,8.28852,0.0693378
674,1,776,8.22122,8.28891,0.0676884
655,0,354567,7.95577,8.29679,0.341025
676,10,324,8.23302,8.30038,0.0673626
640,95,232444,7.80936,8.32768,0.518322
664,49,204569,8.04867,8.34248,0.293806
680,67,1032,8.2803,8.34641,0.0661089
665,109,219258,8.05297,8.3503,0.297331
651,49,344354,7.92583,8.35285,0.427014
560,78,472369,6.7142,8.35525,1.64106
652,111,648313,7.93536,8.36293,0.427568
663,40,219909,8.03246,8.36742,0.334961
679,51,7371,8.27724,8.38754,0.110299
684,109,688,8.34277,8.40888,0.0661116
667,66,283946,8.08445,8.43216,0.347711
685,22,773,8.36341,8.43458,0.0711692
686,0,148,8.36622,8.43656,0.0703344
644,20,179443,7.85431,8.46221,0.607903
688,72,3000,8.39792,8.46411,0.0661962
689,42,122,8.39873,8.46478,0.0660502
654,24,797381,7.93649,8.48032,0.543826
691,67,608,8.41756,8.48365,0.0660919
678,108,100063,8.25386,8.49834,0.244474
692,21,121,8.43396,8.50061,0.0666567
670,93,468968,8.16184,8.53904,0.377201
695,20,582,8.49733,8.56344,0.0661012
675,103,347510,8.22532,8.56786,0.342548
677,85,166470,8.23399,8.5707,0.336707
694,93,14853,8.4622,8.5734,0.111203
700,74,668,8.53871,8.60481,0.0660943
701,2,1998,8.55948,8.62571,0.066234
698,14,8095,8.52148,8.63175,0.110263
687,59,83840,8.3899,8.63371,0.243806
681,33,345847,8.30095,8.63666,0.335715
703,107,244,8.57437,8.64116,0.0667926
705,75,844,8.58768,8.65378,0.0661014
683,12,345339,8.33569,8.66912,0.333427
708,87,624,8.6155,8.68161,0.0661119
690,10,219924,8.40378,8.69358,0.289797
650,110,205381,7.90208,8.69363,0.791546
710,23,695,8.63235,8.69845,0.0660954
659,19,190938,8.01007,8.75136,0.741287
714,108,233,8.69514,8.76121,0.0660744
696,69,254790,8.50339,8.79769,0.294299
615,10,283673,7.5208,8.80389,1.28309
693,42,524691,8.43546,8.82463,0.389175
699,26,259406,8.52921,8.82497,0.295758
697,42,349440,8.50496,8.84607,0.341117
718,5,7254,8.75599,8.87059,0.114604
719,62,670,8.81623,8.88234,0.0661088
707,35,203576,8.60368,8.89784,0.294169
702,78,345690,8.56114,8.90348,0.342343
722,1,446,8.83514,8.90437,0.0692338
645,92,348131,7.85545,8.90712,1.05167
704,19,337224,8.58336,8.922,0.338638
724,103,783,8.85242,8.92225,0.069833
713,13,117590,8.68505,8.93603,0.250975
706,81,345902,8.59648,8.93618,0.339697
725,50,1366,8.8695,8.93753,0.0680356
726,111,643,8.87835,8.94582,0.0674701
727,78,635,8.89819,8.96813,0.0699364
728,12,279,8.89845,8.96815,0.0697072
711,35,318038,8.65329,8.99098,0.3377
729,80,606,8.92431,8.99102,0.0667046
712,72,406432,8.66292,9.00697,0.34404
730,38,1013,8.93855,9.00961,0.0710616
731,38,675,8.94429,9.01237,0.0680826
732,41,1868,8.9448,9.01302,0.0682195
733,45,240,8.94919,9.0155,0.0663116
734,6,1819,8.94983,9.0163,0.066473
735,83,704,8.96903,9.03512,0.0660958
715,101,340253,8.70724,9.04506,0.337819
709,110,433192,8.6226,9.05403,0.431431
682,18,186171,8.31883,9.05683,0.738009
716,79,343990,8.72652,9.06021,0.333693
737,20,622,9.02025,9.08634,0.0660925
720,80,214764,8.8194,9.10894,0.289536
721,90,152004,8.83051,9.12079,0.290283
739,46,7111,9.03366,9.14388,0.11022
671,32,363812,8.17785,9.14478,0.966931
747,96,684,9.09777,9.16386,0.066095
723,75,375618,8.83723,9.17439,0.337168
749,38,373,9.12524,9.19131,0.0660673
750,111,369,9.12871,9.19477,0.0660668
740,62,25021,9.05187,9.20653,0.154659
741,7,17399,9.05434,9.20867,0.154324
752,92,734,9.15562,9.22171,0.066097
754,62,648,9.19434,9.26047,0.0661283
755,52,354,9.20809,9.2742,0.0661112
756,41,727,9.22133,9.28742,0.0660967
757,29,4962,9.23107,9.29735,0.0662834
736,86,182389,9.01672,9.30488,0.288153
758,65,645,9.25698,9.32355,0.0665779
759,59,671,9.25839,9.32949,0.0711016
738,0,342436,9.03132,9.3646,0.333281
742,17,176666,9.08025,9.36792,0.287678
744,88,210009,9.08141,9.37593,0.294521
760,83,1087,9.32589,9.3945,0.0686175
717,67,370469,8.75301,9.40375,0.65074
614,41,343683,7.51835,9.42488,1.90652
745,87,345156,9.09428,9.42967,0.335386
746,106,344187,9.09534,9.43543,0.340082
748,3,346554,9.10323,9.43922,0.335984
761,97,655,9.37463,9.44203,0.0674076
762,77,1224,9.3762,9.44354,0.0673413
751,67,237143,9.15442,9.44594,0.291514
743,105,343572,9.0814,9.46568,0.384284
766,65,616,9.41483,9.48093,0.0661064
767,92,7231,9.432,9.54223,0.110224
770,85,669,9.48707,9.55316,0.0660944
771,62,653,9.50789,9.57399,0.0660937
772,6,786,9.5292,9.59533,0.0661307
774,1,321,9.5788,9.64486,0.0660611
775,59,638,9.58682,9.65294,0.0661214
777,26,652,9.59705,9.66314,0.0660937
778,45,580,9.59833,9.66442,0.0660908
768,57,73999,9.44341,9.68585,0.242437
763,3,348448,9.39122,9.72477,0.333553
764,68,336339,9.40308,9.7363,0.333212
780,101,754,9.68302,9.74912,0.0660978
781,92,4070,9.68913,9.75537,0.0662434
769,76,343223,9.4851,9.81929,0.334187
765,19,565278,9.40936,9.82915,0.419788
773,77,234551,9.56612,9.85714,0.291019
753,73,298302,9.17052,9.86568,0.695155
784,35,243,9.8109,9.87697,0.0660719
776,83,268519,9.59045,9.88217,0.291721
788,69,784,9.89785,9.96395,0.066099
790,26,544,9.91703,9.98312,0.0660894
782,91,169716,9.70054,9.98789,0.287352
787,65,7006,9.89161,10.0018,0.110215
789,96,7641,9.90067,10.011,0.110328
791,80,795,9.94898,10.0151,0.0660994
792,14,705,9.9609,10.027,0.0660958
779,10,435662,9.66334,10.0391,0.375743
794,73,770,9.98019,10.0463,0.0660984
783,56,198422,9.76582,10.0546,0.288828
798,54,136,10.0064,10.0724,0.0660389
800,43,201,10.0078,10.0738,0.0660467
801,68,395,10.0177,10.0838,0.06607
793,94,7683,9.97834,10.0886,0.110244
803,96,785,10.0291,10.0952,0.066099
795,7,7059,9.98706,10.0974,0.110292
804,81,233,10.0388,10.1049,0.0660505
802,69,6435,10.0285,10.1387,0.11019
785,111,197371,9.86717,10.1566,0.289383
809,88,688,10.1008,10.1669,0.0660951
810,96,726,10.111,10.1771,0.0661111
808,53,14024,10.081,10.1915,0.110524
811,55,606,10.1342,10.2006,0.0664031
812,79,762,10.1453,10.2114,0.0660981
814,84,641,10.1726,10.2387,0.0661331
786,18,616587,9.88554,10.3086,0.423043
816,72,1700,10.2577,10.3238,0.0661399
796,35,346776,9.99557,10.329,0.333474
797,11,343963,9.99943,10.339,0.339593
805,88,236791,10.0465,10.3401,0.293605
799,11,246678,10.0071,10.3432,0.3361
806,88,238668,10.0582,10.3491,0.290905
807,34,166963,10.072,10.3592,0.287194
815,26,17834,10.2466,10.4009,0.154344
822,96,496,10.3786,10.4451,0.0665225
813,43,345155,10.153,10.4875,0.334512
825,46,323,10.4225,10.489,0.0665038
826,94,433,10.4258,10.4919,0.0661028
820,29,24031,10.3393,10.4939,0.154615
828,72,646,10.4614,10.5275,0.0660934
829,51,518,10.5337,10.5998,0.0661234
831,67,220,10.5403,10.6063,0.0660605
823,66,64585,10.4213,10.6228,0.20157
817,13,302265,10.3122,10.6437,0.331536
818,48,318156,10.3305,10.6628,0.332272
819,106,347800,10.3374,10.6738,0.336349
836,65,455,10.6052,10.6738,0.0685652
821,92,387138,10.3631,10.6984,0.335259
838,43,601,10.642,10.708,0.0660916
840,61,414,10.6845,10.7505,0.0660722
824,0,305886,10.4219,10.7556,0.333729
827,50,291737,10.4374,10.7685,0.331038
841,112,345,10.7161,10.7822,0.0660662
832,5,125344,10.5567,10.805,0.248226
843,35,687,10.742,10.8081,0.0660951
844,21,620,10.7545,10.8207,0.0661584
830,16,214560,10.5379,10.8272,0.289331
833,27,255945,10.5583,10.8529,0.29465
623,42,102496,7.60792,10.854,3.24606
845,106,780,10.7921,10.8582,0.0660988
846,72,1241,10.7969,10.8633,0.0664059
834,20,236979,10.5731,10.8639,0.290829
837,86,109623,10.6383,10.8823,0.243991
849,103,639,10.8363,10.9024,0.0660932
835,5,281110,10.5764,10.907,0.330557
851,103,1294,10.8442,10.9109,0.0666711
842,87,39034,10.7217,10.9202,0.198504
852,35,793,10.8541,10.9202,0.066134
856,78,216,10.8695,10.9357,0.0661436
839,53,346798,10.6427,10.9777,0.334995
859,69,590,10.9447,11.0108,0.0660912
847,68,223623,10.8074,11.0971,0.289689
657,6,11115,7.98966,11.1001,3.11039
860,42,603,11.0498,11.1191,0.0692174
863,43,1261,11.0592,11.1253,0.0661202
850,87,234047,10.8389,11.1309,0.292004
867,53,631,11.0791,11.1452,0.0660928
853,75,168483,10.8609,11.1481,0.287264
868,45,479,11.0847,11.1521,0.0674265
854,95,277197,10.863,11.1582,0.295197
862,55,12637,11.0574,11.1678,0.110462
870,37,476,11.1051,11.1712,0.0660944
858,19,143126,10.9334,11.181,0.247611
857,79,307082,10.885,11.2176,0.332556
874,96,223,11.1616,11.2276,0.0660493
875,26,605,11.1799,11.246,0.0661145
848,30,468601,10.8207,11.2497,0.429004
876,1,504,11.1909,11.2588,0.0678273
878,42,570,11.2109,11.277,0.0660904
879,21,271,11.212,11.278,0.0660551
880,56,646,11.2252,11.2913,0.0660934
884,35,517,11.2667,11.3327,0.0660846
885,30,706,11.275,11.3428,0.0677338
886,3,437,11.2852,11.3532,0.0679878
887,80,688,11.3008,11.3719,0.071114
869,93,178349,11.0871,11.3824,0.295294
855,35,619683,10.8648,11.3848,0.52
861,101,345017,11.0553,11.3909,0.335629
890,16,528,11.3236,11.3913,0.0676606
864,103,402858,11.0613,11.4001,0.338791
865,109,295304,11.0707,11.4135,0.342734
892,33,518,11.3422,11.4145,0.072285
893,36,431,11.3472,11.4197,0.0725802
895,10,151,11.3656,11.4316,0.0660407
889,39,5587,11.3235,11.4352,0.111681
871,0,347532,11.1133,11.4488,0.335508
866,112,306827,11.0707,11.4581,0.387391
896,73,1259,11.3936,11.4605,0.0669135
897,99,280,11.3973,11.4654,0.068145
873,76,346710,11.1335,11.4741,0.340536
898,16,254,11.4055,11.4741,0.0686128
901,11,483,11.4272,11.4932,0.0660805
872,74,342600,11.1255,11.5106,0.385119
904,104,629,11.4555,11.5216,0.0661059
881,29,246009,11.2302,11.5224,0.292228
905,48,759,11.5074,11.5735,0.066098
882,36,424253,11.2419,11.619,0.377136
910,83,685,11.5568,11.6236,0.0667832
907,78,7283,11.5286,11.6393,0.110727
888,50,285812,11.3108,11.6436,0.332811
894,101,233225,11.3567,11.6502,0.293493
913,55,691,11.5877,11.6538,0.0660952
906,14,18546,11.5098,11.6659,0.156028
891,47,329870,11.3379,11.6747,0.336824
900,75,194516,11.4208,11.7102,0.28941
902,17,158243,11.44,11.7269,0.286908
899,26,286962,11.4137,11.7456,0.331935
916,61,7322,11.6372,11.7481,0.110971
915,57,31573,11.6273,11.7822,0.154964
903,20,307012,11.4476,11.7852,0.337586
908,34,116582,11.5496,11.7948,0.245207
911,72,145240,11.5584,11.8046,0.246245
922,51,626,11.7546,11.8207,0.0660926
912,72,95634,11.5838,11.8305,0.246686
920,66,8170,11.7266,11.837,0.110453
924,86,2175,11.7723,11.8387,0.0664159
909,113,214980,11.5537,11.8435,0.289855
925,64,5220,11.8044,11.8707,0.0662937
927,3,693,11.8289,11.895,0.0660953
918,73,104781,11.6646,11.9084,0.243777
914,16,381113,11.5908,11.9269,0.33619
917,29,342117,11.6451,11.9784,0.333338
931,5,9485,11.8774,11.9877,0.110323
877,34,348342,11.2093,11.9926,0.783338
934,14,608,11.9334,11.9995,0.0660919
921,109,224106,11.7512,12.0434,0.292224
938,105,441,12.0009,12.067,0.0660755
923,68,375221,11.7583,12.096,0.337689
940,42,592,12.0275,12.0971,0.0696461
928,103,204781,11.834,12.1236,0.289564
943,55,266,12.0753,12.1439,0.06859
944,5,623,12.0754,12.144,0.0686048
926,77,341034,11.8057,12.1505,0.34479
935,16,70368,11.9506,12.1531,0.202411
930,13,155473,11.8689,12.1573,0.288398
883,37,269845,11.2581,12.2178,0.959674
932,34,338682,11.8903,12.2262,0.335872
933,20,345701,11.908,12.2481,0.340103
919,93,1003051,11.7015,12.2589,0.557406
929,55,341926,11.851,12.2782,0.427205
948,96,1283,12.2243,12.2922,0.067872
937,28,307549,11.9769,12.3114,0.334536
949,19,661,12.2452,12.3136,0.0684178
936,12,448942,11.9511,12.3326,0.381445
950,55,453,12.2731,12.3392,0.0660769
939,34,341799,12.0196,12.3541,0.334512
941,72,308564,12.0386,12.3712,0.33264
954,21,782,12.344,12.4107,0.0666158
946,6,136379,12.2076,12.4539,0.246277
952,28,7803,12.3428,12.4542,0.111447
942,97,527574,12.075,12.4596,0.384511
956,43,766,12.4039,12.4701,0.0661246
945,68,343174,12.1908,12.5242,0.333323
951,103,114807,12.3007,12.5466,0.245914
947,87,358482,12.2226,12.5596,0.337027
953,77,104706,12.3431,12.5881,0.245038
964,50,718,12.5442,12.6103,0.0660963
955,17,85249,12.3845,12.6274,0.242954
965,18,633,12.5792,12.6454,0.0661205
967,42,718,12.5963,12.6626,0.0663506
968,69,723,12.5963,12.6627,0.0663868
970,88,579,12.6295,12.6956,0.0660908
966,105,14849,12.596,12.7071,0.111027
971,43,332,12.6426,12.7091,0.0665053
972,7,350,12.6427,12.7092,0.06653
973,114,638,12.6433,12.7099,0.0665753
959,102,204887,12.4248,12.716,0.291268
962,19,43651,12.5263,12.7254,0.199099
969,66,6491,12.6254,12.7357,0.110291
960,96,269277,12.4463,12.7384,0.292028
961,51,156762,12.4813,12.768,0.286745
977,73,657,12.7264,12.7925,0.0661129
957,62,437097,12.4175,12.7933,0.375795
979,51,659,12.7432,12.8093,0.066094
980,38,604,12.7552,12.8213,0.0660918
978,85,10396,12.7382,12.8487,0.11052
984,108,720,12.7825,12.8489,0.0663588
958,30,666216,12.4243,12.8512,0.426877
963,11,347185,12.5276,12.862,0.334454
986,46,2490,12.8053,12.8715,0.0661737
987,38,3735,12.8251,12.8913,0.0662362
988,85,895,12.8502,12.9172,0.0669774
989,109,877,12.8623,12.9284,0.0661027
993,7,695,12.8764,12.9425,0.0660954
995,34,628,12.8926,12.9616,0.0689912
974,4,212600,12.6705,12.9623,0.291784
975,21,181531,12.6767,12.9646,0.287835
996,24,790,12.9037,12.9698,0.0660992
990,69,5433,12.8662,12.9763,0.110109
983,52,138414,12.7698,13.015,0.245261
997,85,842,12.9497,13.0158,0.0661013
976,61,348216,12.7101,13.0502,0.340116
985,93,263601,12.7939,13.0859,0.291959
981,55,293918,12.7554,13.0887,0.333246
998,77,661,13.0242,13.0922,0.0680219
999,4,628,13.0543,13.1204,0.0660927
982,96,349350,12.7598,13.1435,0.383785
1003,77,606,13.0875,13.1536,0.0660918
1000,42,10567,13.0546,13.1662,0.111628
991,48,345300,12.8678,13.2015,0.333648
992,43,344872,12.8715,13.2072,0.335704
994,75,372788,12.8868,13.2217,0.334923
1010,18,236,13.2696,13.3356,0.0660644
1009,53,7480,13.24,13.3543,0.114253
1011,26,654,13.2879,13.3564,0.0684921
1002,103,191413,13.0776,13.3659,0.288295
1014,106,692,13.3081,13.3742,0.0661172
1016,61,4757,13.3099,13.3767,0.0667973
1004,96,162928,13.0924,13.383,0.29067
1017,50,768,13.3214,13.3875,0.0660983
1005,60,183065,13.1047,13.393,0.288311
1001,79,344880,13.0612,13.3974,0.336181
1021,15,776,13.3745,13.4406,0.0661196
1023,102,698,13.381,13.4471,0.0660955
1025,51,1446,13.393,13.4592,0.0661276
1018,91,7467,13.3513,13.4617,0.110411
1006,71,345065,13.1311,13.466,0.334862
1028,3,238,13.4076,13.4782,0.0706012
1022,61,6752,13.3746,13.4848,0.110212
1008,43,348276,13.1778,13.526,0.34823
1029,7,7132,13.421,13.5312,0.11022
1013,59,73382,13.3071,13.5495,0.24239
1007,96,481811,13.1336,13.5722,0.438601
1033,55,235,13.5578,13.6238,0.0660508
1035,105,203,13.5631,13.6311,0.0679682
1036,60,1117,13.564,13.6334,0.069361
1012,36,339089,13.2977,13.6341,0.336384
1015,34,342785,13.3084,13.6424,0.334006
1034,38,7273,13.5594,13.6697,0.110226
1038,63,456,13.6094,13.6771,0.067774
1039,28,554,13.6165,13.6825,0.0660898
1042,41,619,13.6388,13.7134,0.0745935
1043,108,5303,13.6451,13.7136,0.0685354
1024,67,341212,13.3857,13.7189,0.333227
1045,71,627,13.667,13.7331,0.0660927
1030,60,76407,13.4916,13.7345,0.242837
1049,107,609,13.6882,13.7575,0.0692526
1050,90,634,13.6922,13.7583,0.066093
1047,89,7055,13.6734,13.7841,0.110718
1020,94,504742,13.3606,13.8042,0.443617
1055,35,691,13.7637,13.8332,0.0694785
1026,35,609186,13.4015,13.8339,0.432386
1027,40,559851,13.4022,13.8409,0.438772
1057,35,491,13.7766,13.844,0.0674604
1058,50,782,13.7987,13.8648,0.0660989
1032,106,302608,13.5356,13.8687,0.33311
1054,69,11190,13.7568,13.869,0.112137
1059,97,642,13.8018,13.869,0.0672296
1063,69,615,13.8163,13.8824,0.0661468
1065,34,607,13.8398,13.9059,0.0660919
1062,63,7307,13.8098,13.9235,0.113726
1068,0,5319,13.8816,13.9481,0.0664721
1048,47,156852,13.6769,13.969,0.292115
1041,73,340859,13.6368,13.9784,0.341596
1046,0,326204,13.6677,14.0003,0.332564
1051,77,227647,13.7191,14.014,0.294901
1019,49,78959,13.36,14.015,0.654973
1056,18,146612,13.77,14.0184,0.248411
1053,78,163622,13.7414,14.0295,0.288105
1052,35,263606,13.7385,14.032,0.293546
1044,97,360349,13.6541,14.0366,0.382588
1069,98,1026,13.9869,14.0566,0.0696615
1071,6,3564,14.0208,14.087,0.066221
1031,70,346143,13.502,14.1139,0.611901
1060,55,303677,13.8032,14.1443,0.34117
1066,96,151019,13.8517,14.1469,0.29522
1061,18,342482,13.8051,14.1495,0.344419
1064,14,332150,13.8171,14.1571,0.339975
1073,24,429,14.0993,14.1653,0.066074
1067,96,268899,13.8788,14.1744,0.295633
1076,70,3175,14.1465,14.2129,0.0663298
1079,104,549,14.1666,14.2326,0.0660896
1040,0,530895,13.6292,14.2395,0.610247
1080,37,628,14.2106,14.2767,0.0660954
1081,77,2267,14.2212,14.2874,0.0661648
1077,93,17396,14.1621,14.3165,0.154324
1070,57,339820,14.013,14.3466,0.333608
1074,111,130373,14.1034,14.3487,0.245238
1083,64,729,14.2955,14.3616,0.0661197
1088,69,670,14.3519,14.418,0.0661237
1089,114,754,14.3762,14.4423,0.0660978
1072,95,501819,14.0704,14.449,0.378637
1078,23,217057,14.1649,14.4543,0.289401
1086,19,31173,14.3223,14.4773,0.154938
1082,107,108494,14.2588,14.5038,0.245009
1075,8,498413,14.1312,14.5105,0.379244
1090,77,280,14.4448,14.5109,0.0660834
1092,14,701,14.4609,14.527,0.0660956
1084,40,105945,14.3022,14.5461,0.243828
1094,105,630,14.5252,14.5913,0.0660928
1096,30,665,14.5418,14.6079,0.0661222
1097,93,620,14.5496,14.6166,0.0669929
1098,53,734,14.5599,14.626,0.066097
1099,3,4105,14.5612,14.6274,0.0662448
1100,56,783,14.5683,14.6344,0.0660989
1085,57,347290,14.3189,14.6525,0.333521
1087,0,309485,14.3252,14.6584,0.333189
1101,52,237,14.6587,14.7247,0.066051
1037,68,328093,13.5912,14.7288,1.1376
1091,93,268798,14.4583,14.7501,0.291747
1102,114,740,14.7089,14.775,0.0660972
1103,22,697,14.7125,14.7786,0.066114
1104,64,705,14.7308,14.7969,0.0660958
1105,2,763,14.7317,14.7978,0.0660981
1107,50,403,14.7426,14.8087,0.0660709
1095,112,345870,14.5334,14.8668,0.333432
1111,73,597,14.8202,14.8863,0.0660915
1093,4,546120,14.4702,14.8891,0.418883
1110,95,7049,14.7951,14.9053,0.110217
1112,93,1777,14.8523,14.9184,0.066143
1115,96,142,14.8707,14.9367,0.0660396
1117,83,610,14.8874,14.9535,0.066092
1106,85,249553,14.7338,15.0255,0.29168
1119,59,615,14.9622,15.0285,0.066277
1108,75,194193,14.7446,15.033,0.288393
1121,96,12757,14.9901,15.1027,0.11255
1122,55,193,15.0372,15.1033,0.0660544
1125,19,640,15.0825,15.1486,0.0661177
1126,101,581,15.0836,15.1498,0.0661356
1118,67,109507,14.9404,15.1844,0.243988
1113,96,347945,14.8577,15.1912,0.333524
1114,38,344600,14.8689,15.2026,0.333627
1116,104,294648,14.8746,15.2098,0.335202
1109,68,504556,14.7829,15.2112,0.428346
1129,51,288,15.1659,15.232,0.0660571
1131,17,209,15.1885,15.2546,0.0660476
1135,0,477,15.25,15.3161,0.0661341
1136,53,433,15.2518,15.3179,0.0660745
1138,51,717,15.2766,15.343,0.0663587
1124,6,258970,15.0559,15.3541,0.298217
1140,43,1049,15.3542,15.4203,0.0661096
1142,19,499,15.3696,15.4367,0.0670935
1128,62,153705,15.1616,15.4494,0.287788
1144,103,167,15.3856,15.4523,0.0666492
1147,69,620,15.4046,15.4707,0.0661268
1130,92,231960,15.1837,15.4752,0.29152
1127,50,523281,15.0939,15.4804,0.386501
1132,59,167303,15.1982,15.4871,0.288874
1133,69,200106,15.2018,15.4909,0.289103
1151,81,641,15.4605,15.5266,0.0660932
1134,27,185331,15.25,15.5391,0.289161
1150,6,9352,15.4539,15.5655,0.111574
1156,62,169,15.5191,15.5851,0.0660428
1158,42,3228,15.5262,15.5932,0.0669578
1137,40,349456,15.2739,15.6082,0.334337
1159,97,771,15.5453,15.6114,0.0660984
1160,42,603,15.5499,15.6176,0.0677048
1161,3,241,15.5502,15.6179,0.0677918
1162,105,169,15.5642,15.6303,0.0660674
1145,114,122302,15.3909,15.6367,0.245834
1164,66,382,15.6114,15.6775,0.0660793
1163,38,11170,15.5681,15.6786,0.110487
1139,61,345988,15.3479,15.6826,0.334759
1146,78,253433,15.4011,15.6921,0.291003
1141,78,349539,15.3576,15.6951,0.337554
1165,53,607,15.6363,15.7032,0.0669146
1143,77,269781,15.3782,15.7227,0.344454
1166,96,575,15.6486,15.7227,0.0741947
1169,53,277,15.6702,15.7362,0.0660597
1148,96,343514,15.4153,15.751,0.335701
1149,46,261113,15.4155,15.7558,0.340354
1170,84,1806,15.7045,15.7706,0.0661442
1154,110,158505,15.4856,15.7737,0.288135
1172,34,414,15.7228,15.7889,0.0660722
1175,89,317,15.7485,15.8146,0.0660606
1176,111,659,15.761,15.8271,0.0661148
1177,21,789,15.7724,15.8385,0.0660992
1120,43,521397,14.9688,15.8455,0.876745
1152,18,250392,15.4617,15.8485,0.386798
1155,55,134716,15.5143,15.8542,0.339846
1179,61,316,15.8039,15.87,0.0660605
1181,60,1010,15.8638,15.9299,0.066108
1167,102,247039,15.6516,15.949,0.297374
1182,75,657,15.8808,15.9495,0.0687451
1183,36,876,15.8855,15.9516,0.0661026
1184,66,601,15.8892,15.9603,0.0710719
1187,97,689,15.9036,15.9727,0.0690801
1168,66,344330,15.6673,16.0022,0.334923
1171,61,188682,15.7168,16.0062,0.289406
1190,51,614,15.9633,16.0294,0.0660922
1178,32,117127,15.7993,16.0436,0.244321
1185,14,17586,15.8903,16.0462,0.155938
1191,76,305,15.9798,16.0465,0.0667225
1173,37,273183,15.7241,16.0626,0.338478
1174,50,346502,15.7249,16.0654,0.34052
1157,11,348833,15.5199,16.0771,0.557174
1193,12,451,16.0264,16.0925,0.0660767
1196,24,1078,16.0509,16.1171,0.0661681
1198,112,208,16.0576,16.1237,0.0660727
1199,53,1149,16.06,16.1262,0.0661624
1201,66,279,16.0661,16.1322,0.066056
1192,35,8951,16.0224,16.1327,0.110299
1202,9,658,16.073,16.1391,0.0661122
1203,47,1669,16.0756,16.1417,0.0661387
1180,27,340778,15.8342,16.1686,0.334423
1205,15,425,16.1046,16.1708,0.0661554
1153,86,349348,15.4629,16.2012,0.7383
1188,22,218180,15.915,16.2045,0.289497
1189,7,207908,15.9184,16.2084,0.290057
1207,53,857,16.1438,16.2099,0.0661019
1186,82,309501,15.8936,16.2267,0.333166
1209,25,663,16.1608,16.2269,0.0661037
1210,12,612,16.1718,16.2379,0.0660921
1211,114,347,16.1793,16.2454,0.0660642
1213,114,357,16.1954,16.2614,0.0660738
1197,6,91823,16.0537,16.2978,0.244137
1215,48,4658,16.2437,16.31,0.066269
1216,11,577,16.2439,16.31,0.0661066
1214,86,7201,16.1999,16.3101,0.110245
1195,13,239748,16.0448,16.3361,0.291251
1217,35,1125,16.3065,16.3726,0.0661148
1219,14,139,16.3226,16.3887,0.06604
1208,72,134773,16.1592,16.4043,0.245098
1194,43,438940,16.0329,16.4094,0.37645
1204,91,405344,16.0957,16.4328,0.337121
1200,109,503949,16.0623,16.441,0.378728
1225,63,645,16.3904,16.4565,0.0660934
1222,68,14620,16.3486,16.4591,0.11055
1227,41,556,16.3967,16.463,0.0663668
1123,95,448184,15.0522,16.4945,1.44232
1226,94,7257,16.3956,16.5059,0.110306
1212,92,347015,16.1795,16.5163,0.336803
1233,20,233,16.5186,16.5849,0.0663133
1234,77,4838,16.5271,16.5934,0.0662784
1206,62,752991,16.1308,16.5982,0.467461
1236,47,651,16.5322,16.5985,0.0663032
1218,6,159819,16.312,16.6011,0.289097
1223,21,97660,16.3607,16.606,0.245294
1239,32,331,16.5496,16.6156,0.0660623
1241,26,696,16.5543,16.6204,0.0661327
1237,110,8146,16.5437,16.6541,0.110449
1224,34,232740,16.366,16.6567,0.290699
1230,50,67031,16.4593,16.659,0.199738
1240,95,7085,16.55,16.6602,0.110218
1220,20,294480,16.332,16.6632,0.331193
1246,60,174,16.6189,16.6849,0.0660698
1229,32,106349,16.4418,16.686,0.244184
1248,2,658,16.6293,16.6954,0.0660939
1249,60,530,16.6465,16.7126,0.0661138
1228,47,226473,16.425,16.7148,0.289878
1232,48,41352,16.5182,16.717,0.198788
1247,39,6157,16.622,16.7322,0.110177
1231,91,140477,16.5016,16.7478,0.246161
1250,37,4274,16.6871,16.7533,0.0662515
1221,6,606544,16.3418,16.765,0.423257
1238,37,140964,16.5442,16.7901,0.245928
1253,18,139,16.728,16.794,0.0660392
1256,109,336,16.7516,16.8177,0.0660734
1251,34,6715,16.71,16.8215,0.111525
1258,67,695,16.7691,16.8351,0.0660954
1259,92,644,16.7773,16.8434,0.0660934
1235,37,319119,16.5279,16.8602,0.332258
1260,84,466,16.8115,16.8784,0.0669506
1244,113,225603,16.5973,16.8874,0.290092
1245,69,209708,16.6081,16.8981,0.289964
1261,79,165,16.8403,16.9064,0.0660424
1242,76,284287,16.5765,16.9073,0.330732
1262,69,3052,16.8472,16.9134,0.0661983
1263,69,1078,16.8517,16.9178,0.0661598
1243,27,348377,16.5854,16.919,0.333595
1252,42,126974,16.7208,16.9656,0.244768
1254,12,115478,16.729,16.9733,0.244248
1266,41,737,16.9671,17.0332,0.0660971
1267,16,334,16.9721,17.0381,0.0660626
1257,62,240660,16.7574,17.048,0.290625
1270,21,281,16.9936,17.0596,0.0660563
1272,103,702,17.0011,17.0672,0.0660957
1255,71,340322,16.7385,17.0717,0.333198
1275,61,260,17.0311,17.0971,0.0660538
1276,47,661,17.0512,17.1173,0.066094
1265,72,144622,16.8808,17.1271,0.24638
1278,36,537,17.0691,17.1351,0.0660891
1264,92,340762,16.8561,17.1897,0.333615
1282,72,829,17.1443,17.2104,0.0661274
1269,30,104441,16.9771,17.2211,0.244069
1283,15,684,17.1838,17.2499,0.066095
1281,96,6103,17.1442,17.2543,0.110175
1284,84,668,17.1882,17.2544,0.0661148
1274,2,131485,17.0157,17.2637,0.248012
1268,27,261548,16.9737,17.2679,0.294231
1286,88,5159,17.205,17.2713,0.0662912
1287,43,4620,17.2144,17.2807,0.0662675
1288,4,147,17.2164,17.2825,0.0660402
1291,51,4502,17.2525,17.319,0.0664672
1271,21,345438,16.9988,17.3322,0.333413
1277,12,396612,17.0527,17.3948,0.342131
1273,93,345292,17.0146,17.3952,0.380568
1298,24,743,17.3322,17.3983,0.0660973
1299,21,477,17.3885,17.4554,0.0669608
1279,94,434253,17.0988,17.475,0.376235
1304,30,1397,17.4146,17.4807,0.0661449
1290,39,141750,17.248,17.4964,0.248427
1293,65,65373,17.298,17.5007,0.202601
1294,101,57208,17.3053,17.5061,0.200828
1295,53,61181,17.3053,17.5064,0.201106
1300,3,5382,17.4043,17.5144,0.110102
1303,95,8913,17.4097,17.52,0.110304
1285,46,343565,17.1997,17.538,0.338347
1280,96,581285,17.1203,17.543,0.422684
1305,72,570,17.4845,17.5519,0.067467
1292,74,237400,17.2844,17.5782,0.293767
1296,0,158483,17.3061,17.595,0.288881
1297,66,203697,17.3117,17.6006,0.288888
1302,59,149589,17.4087,17.6567,0.24792
1289,91,667238,17.2336,17.6677,0.434105
1311,17,702,17.6108,17.6769,0.0660957
1307,111,6405,17.567,17.6772,0.110187
1313,50,762,17.6674,17.7335,0.0660981
1301,6,344330,17.4075,17.7409,0.333374
1314,33,109,17.7179,17.784,0.0660528
1315,40,237,17.7378,17.8038,0.0660548
1317,0,449,17.7688,17.8349,0.0660764
1318,32,723,17.7987,17.865,0.0662949
1306,28,348922,17.5319,17.8657,0.333777
1320,36,608,17.8133,17.8794,0.0660919
1309,40,222293,17.595,17.8847,0.28965
1310,43,191739,17.6045,17.8931,0.288523
1308,108,346436,17.5705,17.9039,0.333457
1319,10,7940,17.8022,17.9124,0.110255
1312,3,167377,17.6261,17.9133,0.287215
1322,110,356,17.9086,17.9746,0.0660653
1324,92,4508,17.9111,17.9774,0.066263
1316,16,239634,17.7448,18.0354,0.290633
1327,38,6439,17.9475,18.0577,0.11019
1329,43,313,18.0046,18.0707,0.0660799
1332,22,670,18.0293,18.0954,0.0660944
1333,96,669,18.0356,18.1016,0.0660944
1334,40,4832,18.0402,18.1065,0.0662782
1326,38,68060,17.9204,18.1209,0.200439
1335,60,435,18.0673,18.1334,0.0660748
1336,48,761,18.0791,18.1452,0.066098
1321,39,359331,17.8255,18.1595,0.334064
1328,96,62688,17.9664,18.1662,0.199799
1338,6,1551,18.115,18.1812,0.0661318
1339,1,732,18.1206,18.1867,0.0660969
1325,62,239515,17.9188,18.2092,0.290393
1343,59,1492,18.1546,18.2207,0.0661294
1349,35,274,18.176,18.2424,0.0663335
1323,56,347659,17.9087,18.2425,0.333766
1350,103,745,18.1823,18.2484,0.0660974
1351,21,518,18.1883,18.2544,0.0660847
1347,0,9997,18.1722,18.2826,0.110345
1355,97,668,18.2402,18.3063,0.0660943
1345,108,21884,18.1606,18.3155,0.15493
1356,77,543,18.2811,18.3473,0.0661276
1330,40,340506,18.0204,18.3555,0.335155
1357,105,4787,18.2913,18.3587,0.0674303
1331,106,349285,18.0282,18.3641,0.335903
1360,20,410,18.305,18.3711,0.0660718
1361,50,1196,18.3313,18.402,0.0706325
1348,11,147318,18.1748,18.4222,0.247373
1337,0,391853,18.1037,18.4426,0.3389
1340,114,199627,18.1238,18.4631,0.339335
1365,100,130,18.4113,18.4773,0.0660382
1344,61,236404,18.1554,18.4957,0.340358
1367,12,173,18.4349,18.5087,0.0738291
1341,33,431271,18.1509,18.5269,0.376044
1369,13,200,18.4685,18.5346,0.0660604
1342,12,346597,18.1532,18.5377,0.384449
1353,50,193897,18.2082,18.5541,0.34587
1354,61,234997,18.2195,18.5623,0.342869
1352,52,455345,18.2039,18.5867,0.382782
1346,50,348713,18.1609,18.5932,0.432342
1372,1,1103,18.5525,18.6186,0.0661463
1358,83,80426,18.2968,18.6401,0.34322
1359,55,345560,18.2982,18.6453,0.347135
1364,102,89780,18.3931,18.649,0.25583
1366,45,144208,18.4178,18.6646,0.246784
1374,3,642,18.5989,18.665,0.0660933
1362,43,349165,18.3382,18.6786,0.34042
1377,88,185,18.6334,18.7017,0.0682818
1376,57,9549,18.6221,18.7335,0.111374
1363,88,360765,18.3891,18.7383,0.349179
1381,57,2268,18.6749,18.7456,0.0707418
1380,65,7381,18.6503,18.7605,0.11023
1382,50,7434,18.6975,18.8077,0.110232
1384,16,539,18.7436,18.8097,0.0660892
1385,13,604,18.7521,18.8182,0.0660918
1370,6,349124,18.4837,18.8236,0.339861
1386,35,797,18.7595,18.8256,0.0660995
1371,8,343901,18.4902,18.833,0.342801
1388,35,155,18.7756,18.8417,0.0660412
1390,77,282,18.79,18.8561,0.0660564
1373,60,215485,18.5839,18.8756,0.291759
1368,107,512576,18.4467,18.8836,0.436831
1391,40,401,18.8193,18.8853,0.0660707
1392,30,402,18.82,18.886,0.0660708
1393,4,600,18.8223,18.8884,0.0660916
1394,27,553,18.8262,18.893,0.0668342
1375,74,185477,18.6213,18.9099,0.288621
1398,61,247,18.891,18.957,0.0660522
1400,5,576,18.9022,18.9683,0.0661259
1401,83,259,18.9044,18.9705,0.0660536
1402,43,618,18.908,18.9741,0.0660923
1379,27,341461,18.6468,18.9821,0.33527
1396,30,28673,18.8422,18.997,0.154848
1399,21,7078,18.8961,19.0063,0.110218
1389,36,141539,18.7805,19.0271,0.246601
1405,88,386,18.9663,19.0324,0.0660689
1387,3,203426,18.7665,19.0584,0.29191
1406,108,245,18.9974,19.0634,0.0660702
1383,60,343601,18.7319,19.0653,0.33335
1407,48,486,19.0038,19.0707,0.066927
1411,11,191,19.0484,19.1145,0.0660455
1408,84,7294,19.0159,19.1262,0.11037
1409,19,7388,19.0164,19.1271,0.110696
1397,14,192432,18.8505,19.1388,0.28832
1395,35,294957,18.8386,19.1698,0.331182
1413,19,410,19.1385,19.2046,0.0661184
1414,36,220,19.1453,19.2114,0.066049
1416,11,479,19.1724,19.2385,0.06608
1403,32,187276,18.9603,19.2492,0.288874
1418,18,470,19.205,19.2711,0.066079
1419,101,724,19.2394,19.3055,0.0660966
1404,28,435383,18.9633,19.339,0.375718
1378,45,346794,18.6339,19.3697,0.735758
1423,46,751,19.3152,19.3813,0.0660976
1424,4,3473,19.3327,19.399,0.0663671
1415,90,148936,19.1641,19.4098,0.245721
1410,84,484912,19.0418,19.4202,0.378338
1427,46,434,19.3605,19.4265,0.0660746
1412,55,343475,19.1116,19.445,0.333481
1428,74,477,19.3977,19.4642,0.0664832
1429,110,1087,19.3999,19.466,0.0661132
1430,89,1820,19.4007,19.4668,0.0661447
1432,2,627,19.41,19.4761,0.0660927
1417,88,343546,19.1943,19.5296,0.335311
1433,41,7220,19.4444,19.5547,0.110295
1426,73,104841,19.3477,19.5929,0.245184
1439,24,823,19.5305,19.5966,0.0661237
1422,74,220138,19.3091,19.5987,0.28961
1441,86,650,19.5433,19.6094,0.0660936
1443,79,645,19.5453,19.6114,0.0660934
1420,10,340119,19.2843,19.6183,0.334059
1421,39,340255,19.2952,19.6284,0.333186
1425,21,348941,19.3464,19.68,0.333578
1431,46,326058,19.4068,19.7394,0.332556
1434,108,217998,19.461,19.7514,0.29038
1449,14,686,19.6893,19.7557,0.0663659
1440,3,100824,19.5368,19.7804,0.243606
1451,93,1329,19.7235,19.7902,0.0666894
1435,53,343998,19.4637,19.7996,0.335929
1437,40,348667,19.481,19.8192,0.338149
1454,2,636,19.7593,19.8254,0.066093
1445,87,138465,19.6052,19.8506,0.245338
1436,37,475212,19.4758,19.8533,0.377536
1438,7,321639,19.5258,19.8626,0.336817
1453,81,7824,19.7577,19.868,0.11026
1444,76,345706,19.5854,19.9188,0.333456
1456,48,494,19.8585,19.9285,0.0700052
1442,17,404765,19.5446,19.9293,0.384767
1455,30,9358,19.822,19.9325,0.110574
1457,51,238,19.8765,19.9425,0.0660659
1447,85,161527,19.6588,19.9458,0.286955
1458,64,677,19.884,19.9501,0.0660947
1459,77,634,19.8861,19.9522,0.066093
1446,21,281128,19.6326,19.9635,0.330991
1460,25,563,19.8998,19.9659,0.0660994
1450,24,224070,19.6994,19.9892,0.289761
1462,75,631,19.9305,19.9966,0.066103
1465,0,1612,20.0207,20.0868,0.0661364
1452,29,295244,19.7561,20.0878,0.3317
1466,75,600,20.0404,20.1065,0.0660916
1448,52,551298,19.6878,20.1072,0.41948
1467,9,1839,20.0515,20.1177,0.0661455
1471,41,232,20.0946,20.1606,0.0660504
1463,2,131917,19.9346,20.18,0.24543
1474,91,364,20.1273,20.1934,0.0660803
1468,1,17693,20.0627,20.2172,0.154529
1479,27,721,20.1703,20.2364,0.0660964
1480,96,3319,20.1755,20.2417,0.0662112
1481,77,206,20.1986,20.2653,0.0666384
1461,14,378984,19.9304,20.2659,0.335455
1469,34,62905,20.0677,20.2678,0.200014
1478,2,11990,20.1643,20.2747,0.110434
1482,101,586,20.2111,20.2772,0.066091
1484,27,809,20.2176,20.2837,0.0661
1485,84,639,20.2257,20.2917,0.0660932
1464,51,273362,20.0143,20.3079,0.293584
1486,78,633,20.2461,20.3122,0.0660929
1487,59,1265,20.2518,20.3179,0.0661204
1491,56,676,20.2619,20.328,0.0660946
1494,42,429,20.2737,20.3401,0.0663226
1496,9,624,20.2859,20.3521,0.066108
1489,55,7404,20.2535,20.3638,0.110305
1490,12,9909,20.2562,20.3665,0.110342
1493,61,6188,20.2734,20.3836,0.110212
1498,91,787,20.3197,20.3859,0.0661658
1473,72,266479,20.1272,20.4206,0.293452
1472,102,339885,20.1045,20.4399,0.335383
1476,107,221213,20.1533,20.444,0.290737
1477,45,160554,20.1595,20.4465,0.286912
1470,21,509531,20.0943,20.4739,0.379634
1475,4,308887,20.1451,20.4769,0.331798
1502,114,3192,20.4157,20.4842,0.0685255
1504,81,396,20.4491,20.5156,0.066513
1505,80,423,20.4723,20.5384,0.0660733
1506,47,182,20.4813,20.5474,0.0660568
1507,11,733,20.4856,20.5528,0.0672518
1488,27,316067,20.2531,20.5853,0.332115
1497,20,271214,20.3033,20.597,0.293711
1509,0,647,20.5332,20.6032,0.0699582
1495,31,292232,20.2841,20.618,0.333907
1508,52,9896,20.5228,20.6331,0.110347
1483,55,595092,20.2172,20.6415,0.424314
1492,26,460084,20.2654,20.6471,0.381643
1511,2,492,20.5794,20.6475,0.0680297
1499,51,247728,20.359,20.6539,0.294877
1512,3,125,20.5902,20.6562,0.0660376
1514,20,642,20.6141,20.6802,0.0660933
1503,29,249690,20.4164,20.709,0.292588
1500,36,407461,20.3788,20.7156,0.33676
1501,84,165672,20.4043,20.7436,0.339284
1516,34,1070,20.6824,20.7485,0.0661247
1517,98,1191,20.6835,20.7498,0.0663662
1520,114,628,20.7407,20.8068,0.0660927
1521,5,341,20.7449,20.811,0.0660635
1510,51,73796,20.5728,20.817,0.244179
1524,77,299,20.7756,20.8417,0.0660823
1523,88,7109,20.7595,20.8697,0.110219
1513,51,231072,20.5986,20.8891,0.290493
1527,69,740,20.8321,20.8982,0.0660972
1529,32,4222,20.8822,20.9485,0.0663412
1515,6,345466,20.6387,20.9721,0.333444
1518,87,182592,20.7059,20.994,0.28809
1533,1,1967,20.9548,21.021,0.0661506
1530,19,12979,20.9116,21.0221,0.110478
1534,4,638,20.9603,21.0264,0.0660931
1519,74,344606,20.7111,21.0447,0.333611
1522,77,273679,20.7579,21.0505,0.292615
1537,9,360,21.0355,21.1015,0.0660658
1525,26,345162,20.8195,21.1529,0.333444
1526,81,306788,20.8301,21.1618,0.331705
1531,10,127302,20.9275,21.1724,0.244911
1528,15,342466,20.8753,21.2086,0.333304
1543,77,3144,21.1439,21.2104,0.0664753
1545,37,621,21.1493,21.2154,0.0660966
1542,103,7228,21.111,21.2212,0.110224
1546,42,692,21.156,21.2221,0.0660953
1535,51,90524,20.9871,21.2303,0.243149
1538,12,54885,21.0381,21.2392,0.201057
1532,10,233187,20.9476,21.2396,0.292
1547,43,656,21.2435,21.3095,0.0660938
1548,18,643,21.2459,21.312,0.0660933
1549,62,1467,21.2485,21.3146,0.0661284
1552,94,792,21.2885,21.3546,0.0660993
1550,50,10478,21.2587,21.3767,0.118028
1553,7,1088,21.3059,21.3771,0.0711402
1551,68,7416,21.2667,21.3774,0.110669
1556,95,794,21.3266,21.3939,0.0672532
1558,72,1168,21.3337,21.3998,0.0661165
1560,104,1293,21.3374,21.4035,0.0661215
1539,101,305108,21.0735,21.4051,0.331629
1540,37,341399,21.0784,21.4182,0.339704
1541,35,341869,21.0977,21.4331,0.335385
1564,7,251,21.3899,21.4561,0.0662528
1562,84,14851,21.3487,21.4626,0.113896
1544,71,305468,21.1488,21.4807,0.33191
1566,14,840,21.4252,21.4913,0.0661211
1567,83,1073,21.4346,21.5007,0.0661127
1536,28,578905,21.0342,21.5124,0.478264
1571,111,498,21.4558,21.5219,0.0660823
1572,47,365,21.4617,21.5278,0.0660896
1573,15,674,21.462,21.5281,0.0660946
1577,55,759,21.4976,21.5637,0.066098
1555,26,75102,21.3243,21.5667,0.242481
1574,26,7050,21.4662,21.5765,0.110273
1580,98,754,21.5422,21.6082,0.0660978
1578,78,9384,21.5124,21.6243,0.111921
1579,74,6937,21.5175,21.631,0.113495
1585,67,721,21.6106,21.6812,0.0705472
1587,107,687,21.6287,21.7003,0.0716079
1589,34,331,21.6338,21.7023,0.068416
1563,88,342212,21.3716,21.7134,0.34185
1591,40,690,21.6433,21.714,0.0706344
1559,103,347565,21.3368,21.7213,0.384521
1561,114,342224,21.3438,21.7263,0.382484
1593,61,842,21.6631,21.7295,0.0663187
1594,60,771,21.6685,21.741,0.0725684
1568,0,290680,21.443,21.7768,0.333789
1576,103,270130,21.4843,21.7788,0.294501
1569,107,239548,21.4443,21.7885,0.344155
1554,108,722874,21.306,21.7912,0.485179
1570,38,213570,21.4499,21.7939,0.34404
1588,38,7460,21.6304,21.7941,0.163697
1599,10,665,21.7309,21.7994,0.0685599
1600,88,719,21.7346,21.8031,0.0684923
1581,103,148885,21.5591,21.8187,0.2596
1557,80,803361,21.3318,21.8572,0.525385
1565,104,754187,21.4163,21.8875,0.471169
1604,92,639,21.8401,21.9062,0.0661244
1605,46,1145,21.8547,21.9225,0.0678537
1602,45,6426,21.8178,21.928,0.110223
1603,2,8186,21.8297,21.9481,0.118354
1584,4,343874,21.6105,21.9522,0.34168
1608,11,550,21.8918,21.9585,0.0667524
1586,34,395923,21.6229,21.9689,0.346005
1598,37,103842,21.729,21.9755,0.246506
1610,27,473,21.9129,21.9791,0.0661638
1611,73,656,21.9243,21.9943,0.0700005
1583,95,510638,21.596,21.9976,0.401584
1612,102,538,21.9449,22.0132,0.0683384
1609,12,7453,21.9038,22.0154,0.111588
1613,80,307,21.9491,22.0168,0.0676475
1597,15,237035,21.7191,22.0172,0.298099
1614,25,1482,21.9717,22.04,0.0682854
1592,68,433935,21.6582,22.0427,0.384439
1601,72,179299,21.755,22.0487,0.293735
1616,77,802,21.9842,22.0515,0.0672889
1596,105,347667,21.7157,22.0547,0.338968
1617,21,1044,21.9983,22.0644,0.0661094
1618,110,643,22.0052,22.0714,0.0661123
1590,45,630596,21.6423,22.073,0.430742
1575,39,390840,21.4693,22.0803,0.611024
1619,97,776,22.017,22.0832,0.0661356
1620,111,363,22.0176,22.0838,0.0661175
1595,5,254517,21.6914,22.1247,0.433234
1629,53,553,22.1296,22.1957,0.0661124
1606,21,284936,21.8719,22.2085,0.336604
1631,43,120,22.148,22.214,0.066037
1607,15,344002,21.8808,22.2179,0.337087
1632,91,756,22.1597,22.2258,0.0661106
1633,36,691,22.1669,22.233,0.0660952
1630,70,7120,22.1325,22.2427,0.11022
1615,78,187350,21.9835,22.275,0.291577
1622,37,84842,22.0405,22.2834,0.2429
1636,56,5228,22.2373,22.3036,0.066294
1637,23,592,22.2378,22.3039,0.0660913
1638,70,4973,22.2455,22.3119,0.0664254
1626,36,49089,22.1139,22.3137,0.199811
1640,55,1138,22.2497,22.3203,0.0706363
1641,29,603,22.2712,22.3373,0.0660917
1642,108,608,22.2803,22.3464,0.0660919
1643,62,600,22.2876,22.3537,0.0661314
1621,89,348993,22.0251,22.3604,0.335225
1627,46,140545,22.1166,22.3655,0.248968
1623,36,344393,22.0651,22.3985,0.333395
1624,84,344669,22.0855,22.4229,0.337441
1625,55,340640,22.0886,22.4275,0.338916
1647,75,345,22.371,22.4371,0.066064
1646,69,8128,22.3343,22.4451,0.110821
1634,26,166570,22.1685,22.4557,0.287176
1648,46,249,22.4206,22.4866,0.0660524
1628,101,488299,22.1271,22.5064,0.379245
1635,41,228467,22.2314,22.5213,0.289903
1651,53,1308,22.5095,22.5756,0.0661221
1582,112,343189,21.5779,22.5828,1.00489
1639,14,275724,22.2478,22.5897,0.341908
1650,104,7114,22.4766,22.5923,0.115693
1645,52,158084,22.2957,22.5931,0.297384
1654,88,1024,22.558,22.6241,0.0661086
1644,112,349671,22.2936,22.6303,0.336668
1656,25,424,22.571,22.6371,0.0660934
1657,95,638,22.6042,22.6703,0.0660931
1663,17,240,22.7053,22.7713,0.0660514
1649,22,349144,22.4637,22.8004,0.336669
1666,102,719,22.7351,22.8021,0.0670038
1667,23,1163,22.7598,22.8259,0.0661163
1652,108,155418,22.5491,22.836,0.286912
1662,43,25866,22.6873,22.8465,0.159201
1655,18,215803,22.5673,22.8566,0.289358
1659,90,93481,22.6285,22.8718,0.24328
1661,49,37375,22.681,22.8795,0.198431
1653,84,348325,22.5537,22.888,0.334328
1668,26,15089,22.7788,22.935,0.15617
1660,108,255908,22.6594,22.9508,0.291394
1658,73,342576,22.624,22.9572,0.333286
1665,90,137645,22.7324,22.9814,0.248974
1671,110,416,22.9184,22.9845,0.0660725
1674,75,594,22.9308,22.9974,0.0666504
1677,100,481,22.952,23.0181,0.0660803
1679,21,1497,22.969,23.0351,0.0661296
1664,73,345100,22.7079,23.0417,0.333836
1676,107,7499,22.9379,23.0482,0.110235
1680,90,862,22.9868,23.0529,0.0661021
1683,43,6552,23.0224,23.1326,0.110195
1691,19,1022,23.0934,23.1595,0.0661085
1693,16,666,23.1022,23.1683,0.0660942
1675,61,100839,22.9358,23.1794,0.243605
1669,39,340370,22.8581,23.1926,0.334457
1695,90,603,23.1762,23.2432,0.0669912
1670,38,344659,22.9119,23.2465,0.334599
1678,33,206040,22.9618,23.2527,0.290892
1681,45,132172,23.0071,23.2553,0.248259
1672,65,205130,22.919,23.2557,0.33672
1696,103,981,23.1926,23.2609,0.0683059
1673,111,348056,22.9286,23.2648,0.336159
1690,3,65377,23.0878,23.2889,0.201108
1700,92,1234,23.2943,23.3604,0.0661191
1687,100,195784,23.0752,23.3644,0.28918
1684,75,249432,23.0347,23.3726,0.337894
1685,10,348253,23.05,23.3842,0.334205
1703,90,543,23.3194,23.3855,0.0660908
1682,61,248423,23.0088,23.391,0.3822
1692,10,234342,23.0981,23.3951,0.297
1702,33,7018,23.3082,23.4199,0.111765
1689,100,340276,23.0877,23.4254,0.337621
1706,46,630,23.3687,23.4351,0.0663756
1694,34,341233,23.1207,23.4547,0.333959
1709,27,519,23.4382,23.5043,0.0660848
1710,57,390,23.4418,23.5084,0.0666127
1697,79,232356,23.2358,23.5269,0.291095
1711,89,793,23.4616,23.5277,0.0660993
1699,21,235311,23.252,23.5422,0.290253
1714,114,682,23.5079,23.574,0.0660949
1698,56,348666,23.2455,23.5793,0.333793
1717,3,633,23.5179,23.584,0.0661106
1688,60,661761,23.0794,23.595,0.515577
1701,53,163248,23.3077,23.596,0.288336
1719,34,540,23.5359,23.6024,0.0664902
1722,100,495,23.5812,23.6473,0.066082
1723,22,139,23.5825,23.6492,0.0667166
1716,10,25392,23.5108,23.6655,0.15472
1724,45,676,23.5998,23.6659,0.0660946
1725,72,718,23.6054,23.6715,0.0660963
1704,17,347922,23.3611,23.6958,0.334726
1705,86,349335,23.3678,23.7027,0.334833
1729,9,710,23.6433,23.71,0.0667321
1718,32,50959,23.5218,23.7208,0.19903
1713,103,102709,23.4798,23.7244,0.244594
1707,15,333400,23.3904,23.7248,0.334436
1731,89,461,23.6799,23.7464,0.0665857
1732,21,693,23.6901,23.7581,0.0679972
1712,83,341583,23.4619,23.7975,0.335584
1736,34,4346,23.7311,23.8008,0.069661
1737,109,1592,23.7517,23.8179,0.0662063
1708,24,348723,23.4378,23.8181,0.3803
1738,27,385,23.782,23.8481,0.0660943
1721,29,237617,23.5805,23.8745,0.294081
1720,111,317236,23.5379,23.8762,0.338288
1727,105,87991,23.6319,23.879,0.247059
1728,90,59830,23.6331,23.8803,0.247236
1686,18,346164,23.052,23.881,0.82902
1743,87,549,23.8497,23.919,0.0693614
1742,35,13496,23.8084,23.9217,0.113313
1715,4,599137,23.5084,23.9305,0.422176
1744,41,762,23.873,23.9391,0.0660981
1726,68,307734,23.6245,23.9587,0.334221
1745,93,6855,23.8867,23.9969,0.110207
1747,67,558,23.9548,24.0209,0.0660899
1733,66,341745,23.6931,24.0266,0.333491
1750,106,250,23.9657,24.0345,0.0687696
1734,96,340186,23.7122,24.0454,0.333184
1751,93,556,23.9846,24.0507,0.0660898
1752,75,496,23.9862,24.0523,0.0660821
1741,23,134703,23.8051,24.0552,0.250072
1753,46,258,23.9894,24.0554,0.0660535
1735,50,365228,23.7247,24.0615,0.336854
1754,34,609,24.0029,24.069,0.0661081
1756,77,488,24.0218,24.0879,0.0661015
1739,57,345887,23.7863,24.1213,0.335029
1759,35,327,24.0653,24.1314,0.0660618
1760,20,633,24.0748,24.1409,0.0660929
1763,40,513,24.1152,24.1813,0.0660841
1764,42,897,24.1227,24.1888,0.0661035
1765,114,158,24.1281,24.1941,0.0660724
1766,26,410,24.1332,24.1993,0.0660718
1730,75,987165,23.655,24.2137,0.558772
1768,36,631,24.1493,24.2154,0.0660985
1769,9,576,24.1513,24.2177,0.0663788
1757,77,35193,24.0396,24.2379,0.198335
1748,93,217301,23.9594,24.2499,0.290502
1755,88,90185,24.0075,24.2506,0.243182
1767,24,13304,24.1438,24.2552,0.11139
1772,2,514,24.1957,24.2618,0.0661337
1770,42,5472,24.1804,24.2905,0.110148
1749,38,452674,23.9636,24.3417,0.378101
1777,60,469,24.2771,24.3432,0.0661015
1758,1,214304,24.0646,24.3567,0.292082
1778,10,447,24.2917,24.3609,0.0692188
1779,7,612,24.3014,24.3675,0.0660921
1746,26,761467,23.9272,24.404,0.476768
1782,57,2069,24.3425,24.4087,0.0661547
1784,40,4952,24.3489,24.4152,0.066283
1761,86,321912,24.0937,24.4263,0.332655
1785,85,671,24.3629,24.4292,0.066353
1786,18,696,24.3688,24.435,0.0661072
1762,113,303987,24.1056,24.439,0.333358
1787,5,4204,24.3739,24.4416,0.0676958
1789,93,221,24.4038,24.4699,0.0660628
1788,60,7190,24.3739,24.4861,0.112205
1773,41,268004,24.1983,24.4946,0.29628
1771,12,290944,24.1894,24.5215,0.332116
1790,8,12895,24.4338,24.5443,0.110474
1776,55,152663,24.2668,24.5534,0.286625
1775,85,358171,24.2374,24.5714,0.334045
1792,55,131,24.5389,24.605,0.0660556
1793,12,520,24.5479,24.6165,0.0685569
1795,61,574,24.5564,24.6225,0.0660906
1780,35,342437,24.3059,24.6392,0.33328
1798,34,552,24.5758,24.6434,0.0675337
1774,69,611667,24.2219,24.6582,0.436283
1799,13,270,24.5886,24.6596,0.0709921
1781,97,349462,24.3181,24.66,0.34185
1794,69,12377,24.5513,24.6617,0.110451
1783,86,294034,24.3433,24.6745,0.331141
1797,83,9985,24.5693,24.68,0.110655
1801,108,662,24.6195,24.6856,0.066127
1802,73,492,24.6278,24.694,0.0661402
1803,28,577,24.6436,24.7097,0.0660907
1804,23,1458,24.6556,24.7218,0.0661986
1805,29,296,24.6586,24.7247,0.0660581
1807,97,437,24.6804,24.7465,0.066075
1808,59,4996,24.6846,24.7509,0.0662847
1791,20,343895,24.4415,24.7751,0.333602
1806,34,8159,24.6741,24.7844,0.110276
1810,39,1654,24.7425,24.8087,0.0662193
1811,67,747,24.7453,24.8122,0.0669583
1796,91,225703,24.5646,24.855,0.290432
1740,87,771,23.8028,24.8705,1.06771
1818,76,590,24.8467,24.9128,0.0660912
1812,63,27436,24.7626,24.9174,0.154767
1819,88,403,24.8532,24.9193,0.0660709
1817,35,7161,24.8257,24.9359,0.110221
1800,2,303955,24.6111,24.943,0.331932
1809,89,238039,24.7073,24.9996,0.29229
1824,23,164,24.9633,25.0293,0.0660422
1814,40,198890,24.7794,25.068,0.288601
1815,18,176212,24.7969,25.0845,0.287606
1828,108,399,25.0193,25.0854,0.0660777
1821,22,65262,24.8928,25.0927,0.199899
1813,42,304742,24.7633,25.0949,0.331615
1826,66,8481,24.9943,25.1046,0.110278
1830,16,650,25.0692,25.1353,0.0661104
1816,92,322106,24.8102,25.1435,0.333239
1831,3,1618,25.0832,25.1494,0.0662065
1832,42,686,25.087,25.1531,0.066095
1833,89,301,25.1085,25.1745,0.0660587
1835,70,803,25.1484,25.2145,0.0660997
1823,51,156461,24.9304,25.2197,0.289303
1820,26,539219,24.8704,25.2522,0.381732
1838,87,891,25.201,25.2671,0.0661032
1822,73,516592,24.9066,25.2877,0.381137
1829,37,224394,25.0253,25.3151,0.289767
1827,14,282046,24.9989,25.3299,0.331046
1825,45,539516,24.9866,25.3715,0.384934
1841,59,656,25.3032,25.3718,0.0686128
1842,27,792,25.3041,25.3727,0.068629
1837,43,140069,25.171,25.4211,0.250033
1845,87,1246,25.3784,25.4446,0.0661196
1834,23,342019,25.1176,25.4511,0.333499
1847,102,738,25.3849,25.4511,0.0662173
1849,47,677,25.3978,25.4671,0.0693448
1850,109,274,25.4028,25.4688,0.0660554
1836,79,348636,25.1679,25.5052,0.337303
1852,68,520,25.4731,25.5392,0.066085
1839,111,342337,25.2125,25.5941,0.381578
1859,95,1271,25.5341,25.6065,0.072355
1840,23,348185,25.3021,25.6441,0.341913
1862,36,159,25.5793,25.6476,0.0683521
1843,11,280940,25.3077,25.6519,0.344234
1844,68,106435,25.3575,25.6569,0.299419
1867,110,132,25.6403,25.7063,0.0660384
1846,35,340100,25.3838,25.7174,0.333614
1868,11,764,25.6637,25.7298,0.0660982
1869,81,1252,25.6735,25.7409,0.0674332
1870,10,833,25.6843,25.7541,0.0697361
1873,74,333,25.6975,25.7636,0.0660625
1874,15,681,25.6991,25.7652,0.0660948
1848,33,471595,25.3974,25.7876,0.390177
1858,108,181338,25.5052,25.8016,0.296369
1853,30,292942,25.4803,25.8205,0.340166
1854,94,291928,25.4804,25.8221,0.341747
1855,37,367816,25.4888,25.8309,0.342121
1878,10,4151,25.7678,25.8355,0.0677562
1857,52,284296,25.4988,25.8437,0.344862
1880,38,760,25.7772,25.8469,0.0696874
1881,35,589,25.7848,25.8513,0.0665022
1884,108,414,25.7986,25.8646,0.0660722
1885,14,401,25.8112,25.8781,0.0669002
1886,65,591,25.8116,25.8816,0.0700207
1861,38,341525,25.5495,25.8968,0.347348
1865,65,254423,25.6307,25.9272,0.296587
1866,96,159590,25.6364,25.9285,0.292094
1893,8,609,25.8617,25.9297,0.0680071
1872,50,80806,25.6943,25.9422,0.247881
1864,34,341636,25.623,25.9573,0.334312
1890,0,5471,25.8522,25.9623,0.110113
1871,10,192405,25.6874,25.9827,0.295261
1863,79,312535,25.6066,25.9875,0.380861
1896,110,1594,25.9589,26.0275,0.0686409
1875,17,346240,25.7223,26.0603,0.337939
1902,0,171,26.0227,26.0941,0.071444
1891,0,79824,25.8539,26.0968,0.242842
1876,92,345680,25.7356,26.1205,0.384844
1888,32,220567,25.8285,26.1263,0.297815
1882,90,343834,25.7949,26.1391,0.344268
1883,69,209314,25.7968,26.1392,0.342362
1903,64,12491,26.0296,26.1412,0.111635
1887,99,336535,25.8178,26.1576,0.339836
1879,2,341643,25.7755,26.1643,0.388777
1908,10,3053,26.1105,26.1789,0.0684055
1892,9,343583,25.8593,26.1966,0.337293
1911,41,1165,26.1572,26.2278,0.0706018
1894,84,382943,25.8674,26.2528,0.38541
1904,63,40636,26.0528,26.2552,0.202393
1895,43,346449,25.9231,26.2616,0.338449
1889,20,413019,25.8405,26.2703,0.429832
1913,15,565,26.2054,26.2726,0.0671575
1899,104,161970,25.9849,26.2799,0.295045
1909,66,17132,26.1392,26.2944,0.155256
1900,112,231209,26.0091,26.3041,0.294992
1851,14,349977,25.4454,26.3224,0.877018
1898,111,343286,25.9788,26.3268,0.347991
1906,26,139956,26.0977,26.3472,0.249473
1916,49,692,26.3033,26.3704,0.0670888
1905,50,186386,26.0955,26.3884,0.2929
1917,45,4171,26.3541,26.4205,0.0664152
1897,54,519062,25.97,26.4453,0.475292
1912,103,258823,26.1747,26.4659,0.291242
1910,21,341739,26.1405,26.4745,0.333967
1919,105,600,26.4139,26.4801,0.0661305
1921,106,409,26.4344,26.5005,0.0660716
1922,63,661,26.4375,26.5036,0.066094
1915,53,75976,26.2797,26.5245,0.244759
1856,87,289950,25.4897,26.5458,1.05612
1927,78,660,26.5346,26.6007,0.0661223
1925,42,8422,26.4967,26.6071,0.11044
1914,55,335262,26.2789,26.6147,0.335805
1929,45,666,26.577,26.6431,0.0660942
1928,10,8222,26.5473,26.6576,0.110363
1930,69,1107,26.6011,26.6673,0.066114
1926,20,66561,26.5002,26.7013,0.201133
1931,65,319,26.6377,26.7037,0.0660608
1920,16,213481,26.4207,26.7103,0.289639
1933,33,1113,26.6527,26.7188,0.0661143
1924,10,134836,26.4915,26.7393,0.247852
1934,67,611,26.6711,26.7405,0.0693388
1918,85,349596,26.408,26.7442,0.336242
1938,105,755,26.7081,26.7742,0.0660978
1939,67,185,26.7227,26.7888,0.0660448
1940,67,1473,26.7312,26.7973,0.0661937
1941,105,268,26.772,26.838,0.0660547
1923,111,636228,26.4462,26.8718,0.425579
1877,43,535414,25.7422,26.8852,1.14302
1942,77,4348,26.8473,26.9135,0.0662566
1936,93,139121,26.68,26.9268,0.246849
1932,26,231066,26.6468,26.9375,0.290681
1945,50,247,26.878,26.9441,0.0660522
1946,4,533,26.8796,26.9456,0.0660865
1948,23,624,26.89,26.9561,0.0660926
1935,10,163647,26.6755,26.9652,0.289649
1950,109,607,26.9124,26.9785,0.0661102
1953,50,777,26.9324,26.9985,0.0660987
1954,35,1270,26.9532,27.0193,0.0661206
1949,79,7281,26.9096,27.0199,0.110226
1937,27,304147,26.6938,27.0254,0.3316
1955,85,648,26.9732,27.0393,0.0660935
1960,55,2663,27.0396,27.1058,0.0661806
1907,45,191684,26.1089,27.1094,1.00045
1961,36,644,27.0602,27.1263,0.0660934
1962,96,660,27.0768,27.1429,0.066094
1944,19,219587,26.8758,27.1686,0.292785
1951,104,108445,26.9228,27.1701,0.247326
1943,51,316467,26.8706,27.204,0.333358
1957,10,103630,26.9963,27.24,0.243729
1965,89,1356,27.18,27.2461,0.066124
1860,11,344190,25.541,27.2548,1.71374
1952,43,346480,26.9262,27.2632,0.33703
1947,13,349696,26.8893,27.2715,0.38215
1966,50,221,27.2169,27.2829,0.0660616
1967,44,450,27.241,27.3082,0.0671502
1956,49,294252,26.9765,27.3153,0.338824
1901,85,1368,26.0185,27.3378,1.31937
1958,78,346533,27.0068,27.3403,0.333498
1959,96,348669,27.0162,27.3514,0.335152
1970,106,525,27.3143,27.3804,0.0660856
1971,80,638,27.3524,27.4185,0.0661041
1964,92,237733,27.1621,27.4532,0.29116
1963,52,284570,27.1278,27.4585,0.33071
1973,43,10073,27.3639,27.4742,0.110349
1968,111,89923,27.2958,27.5389,0.243147
1978,96,4967,27.4808,27.5472,0.0664851
1979,77,279,27.4984,27.5645,0.066056
1980,26,613,27.4996,27.5656,0.0660921
1981,1,676,27.5035,27.5696,0.0660946
1976,61,11028,27.4657,27.5764,0.11065
1984,70,669,27.5525,27.6185,0.0660944
1985,14,645,27.5534,27.6196,0.0661351
1975,114,147176,27.3778,27.6253,0.247536
1969,78,346266,27.3015,27.6349,0.33345
1972,25,214182,27.3567,27.646,0.289273
1986,46,813,27.6007,27.6684,0.0677597
1989,60,642,27.6287,27.6948,0.0660933
1974,39,343016,27.3762,27.7095,0.333306
1991,13,885,27.6638,27.7299,0.066103
1992,27,514,27.6648,27.7309,0.0660842
1982,32,101892,27.5386,27.7828,0.244217
1977,114,472129,27.4688,27.8484,0.379612
1996,94,710,27.7914,27.8575,0.066096
1997,96,549,27.8077,27.8737,0.0660896
1983,21,345963,27.5516,27.885,0.333436
1990,0,133499,27.6436,27.8887,0.245083
1999,97,693,27.8433,27.9094,0.0660953
1987,12,289205,27.6078,27.9394,0.331606
2000,3,664,27.8955,27.9616,0.0661447
1995,38,47379,27.7794,27.9783,0.198883
2003,72,223,27.9372,28.0033,0.0660731
2006,37,263,27.9594,28.0255,0.0660541
1993,66,186939,27.7395,28.0276,0.2881
1998,26,103118,27.8086,28.0531,0.24452
2005,14,6953,27.9529,28.0631,0.110211
1988,109,750969,27.6274,28.0937,0.466302
2007,52,1835,28.0312,28.0975,0.0662604
1994,109,344398,27.7695,28.1029,0.333369
2012,33,383,28.096,28.1621,0.0660685
2013,46,663,28.1031,28.1692,0.0660941
2004,103,109811,27.9408,28.1852,0.244406
2010,79,8021,28.0797,28.19,0.110276
2016,84,464,28.1479,28.214,0.0660782
2017,103,383,28.1521,28.2182,0.0660934
2018,97,593,28.1725,28.2386,0.0661093
2008,79,68654,28.039,28.2388,0.199856
2001,34,351736,27.9277,28.2613,0.333691
2002,95,343496,27.9327,28.2668,0.334087
2019,67,1430,28.2123,28.2784,0.066127
2020,15,209,28.2144,28.2805,0.0660476
2009,41,112999,28.0495,28.2937,0.244139
2022,104,183,28.2448,28.3108,0.0660445
2011,41,246320,28.0955,28.3861,0.290688
2024,83,421,28.3304,28.3964,0.0660731
2027,3,4122,28.3491,28.4153,0.0662454
2029,43,458,28.3547,28.4208,0.0660775
2030,50,587,28.3706,28.4385,0.0678782
2025,90,7453,28.3329,28.4431,0.110233
2031,63,368,28.3806,28.4466,0.0660667
2014,51,349083,28.1184,28.452,0.333607
2032,73,276,28.3939,28.4599,0.0660616
2033,20,503,28.3957,28.4618,0.0660829
2034,79,679,28.3967,28.4628,0.0661198
2015,92,306450,28.1461,28.4778,0.331689
2038,51,732,28.4508,28.5169,0.0660969
2021,3,217462,28.2356,28.525,0.289422
2039,6,274,28.4799,28.5459,0.0660554
2023,53,76170,28.3053,28.5479,0.242647
2040,32,218,28.4854,28.5514,0.0660666
2042,69,435,28.5311,28.5972,0.0660948
2028,84,125896,28.3525,28.5972,0.24473
2036,93,104904,28.4262,28.6703,0.244113
2045,67,296,28.6047,28.6718,0.0670627
2026,35,349697,28.3482,28.6818,0.333601
2035,14,195398,28.4039,28.6924,0.288446
2041,32,65941,28.4968,28.6965,0.199693
2046,36,992,28.6376,28.7037,0.0661073
2037,26,269006,28.4272,28.7189,0.291722
2049,24,612,28.6765,28.7426,0.0660921
2050,17,255,28.6907,28.7567,0.0660636
2051,37,455,28.6984,28.7645,0.0660772
2043,100,86560,28.5321,28.7753,0.243235
2053,61,604,28.7244,28.7905,0.0660918
2054,74,488,28.726,28.7921,0.0660811
2057,58,4798,28.7844,28.8507,0.0662746
2058,12,101,28.7928,28.8588,0.0660347
2044,88,298605,28.5324,28.8638,0.331346
2059,15,273,28.8176,28.8837,0.0660553
2061,109,4836,28.8297,28.8959,0.0662783
2060,2,7269,28.8282,28.9389,0.110662
2052,4,101234,28.7162,28.9598,0.24362
2055,23,103406,28.7328,28.9765,0.243716
2047,77,347376,28.6462,28.9799,0.333683
2048,1,345360,28.6738,29.0112,0.337344
2063,55,66275,28.8501,29.0498,0.199718
2068,19,884,29.0004,29.0665,0.066103
2069,83,1678,29.0199,29.0861,0.066139
2056,49,344476,28.7633,29.0987,0.335386
2071,107,607,29.0555,29.1216,0.0660919
2072,61,436,29.0594,29.1255,0.066106
2062,13,203527,28.8371,29.1259,0.288825
2073,87,617,29.0689,29.135,0.0660923
2075,43,503,29.1155,29.1816,0.0660829
2064,55,303331,28.8712,29.2029,0.331754
2078,51,775,29.1494,29.2155,0.0660986
2079,1,103,29.1573,29.2234,0.0661271
2081,101,629,29.1673,29.2335,0.0661235
2082,103,1254,29.1866,29.2528,0.0661199
2065,46,625415,28.8959,29.3222,0.426325
2070,26,155487,29.0346,29.3224,0.28781
2066,67,430525,28.9739,29.3493,0.375479
2067,28,514278,28.9776,29.3605,0.38293
2090,88,793,29.3046,29.3707,0.0661195
2094,37,454,29.3598,29.4263,0.0664525
2077,71,234417,29.1398,29.4301,0.290268
2074,92,349936,29.1078,29.4417,0.333878
2076,22,342991,29.1326,29.4661,0.333543
2086,78,65318,29.2796,29.4807,0.201066
2080,91,345415,29.1616,29.4974,0.335773
2098,21,8563,29.4004,29.5111,0.11068
2102,75,619,29.5179,29.584,0.0660924
2089,1,191347,29.3044,29.5934,0.289021
2083,20,293789,29.258,29.5986,0.340597
2104,4,167,29.5402,29.615,0.0748438
2106,72,295,29.5444,29.617,0.0725952
2107,56,1117,29.5466,29.6193,0.0726172
2092,38,166294,29.3265,29.626,0.299545
2088,30,379544,29.297,29.6346,0.337564
2097,0,122543,29.399,29.6488,0.2498
2108,14,692,29.5804,29.652,0.0715912
2109,36,4874,29.5843,29.6593,0.0750036
2110,29,1430,29.5888,29.6605,0.0717087
2087,22,260323,29.2818,29.6707,0.388904
2111,28,633,29.606,29.6721,0.0661071
2112,11,721,29.6099,29.6765,0.0665228
2096,69,229108,29.3958,29.6896,0.293854
2084,50,359532,29.2709,29.7046,0.43373
2099,61,110384,29.4542,29.7065,0.252288
2113,59,452,29.6423,29.7084,0.0661284
2085,61,430055,29.2794,29.7099,0.430483
2100,99,74516,29.4742,29.7167,0.242461
2116,101,342,29.6507,29.7168,0.0660771
2093,50,388928,29.3561,29.7417,0.385623
2091,19,404079,29.3145,29.7452,0.43073
2101,50,233995,29.4779,29.7686,0.290772
2103,66,146164,29.5318,29.7807,0.248916
2121,27,357,29.7331,29.7992,0.0660654
2125,1,1819,29.7734,29.8395,0.0661447
2126,77,696,29.7764,29.8433,0.0668715
2127,2,304,29.7786,29.8446,0.066059
2122,45,7572,29.7377,29.848,0.110337
2123,53,10497,29.7553,29.8657,0.110368
2130,78,649,29.8113,29.8774,0.0660936
2117,29,122197,29.651,29.8958,0.244832
2118,103,100325,29.6544,29.8979,0.243582
2115,14,227545,29.6436,29.937,0.293344
2095,21,288404,29.3751,29.9395,0.564365
2133,12,464,29.8819,29.948,0.0660782
2135,72,4057,29.9164,29.9837,0.0672724
2132,50,5708,29.8795,29.9897,0.110142
2136,15,681,29.9347,30.0008,0.0660948
2120,47,157151,29.7236,30.0139,0.290301
2114,40,448506,29.6429,30.0302,0.387364
2119,2,341783,29.7147,30.0543,0.339588
2140,36,683,29.9866,30.0577,0.07107
2142,75,650,29.9926,30.0587,0.0660936
2145,36,5335,30.0137,30.08,0.0662983
2124,93,343670,29.759,30.0938,0.334809
2146,12,466,30.031,30.0981,0.0670716
2147,11,457,30.032,30.0984,0.0664588
2129,51,111784,29.8059,30.1002,0.294341
2148,33,734,30.0425,30.1086,0.066097
2131,50,246754,29.8229,30.1199,0.297033
2149,3,548,30.0557,30.1218,0.0660895
2150,59,400,30.086,30.1521,0.0660929
2151,5,597,30.1184,30.1845,0.0660915
2152,36,688,30.1268,30.1929,0.0660951
2134,83,340351,29.8854,30.2202,0.334886
2143,70,103466,29.9962,30.241,0.244808
2144,101,118543,29.9964,30.2419,0.245515
2153,16,5656,30.1329,30.243,0.110135
2139,6,231185,29.976,30.2676,0.291654
2157,87,610,30.2178,30.2848,0.0670845
2137,32,291233,29.9608,30.2921,0.33129
2138,7,347826,29.9715,30.305,0.333519
2155,102,7133,30.1981,30.31,0.111882
2159,47,794,30.2487,30.3148,0.0660994
2141,19,305167,29.9872,30.3235,0.336288
2161,92,552,30.2748,30.3409,0.0660897
2128,52,295411,29.8038,30.3634,0.559593
2163,34,7428,30.2791,30.3897,0.110647
2166,22,501,30.3434,30.4095,0.0660827
2167,97,430,30.3485,30.4146,0.0660742
2164,3,28361,30.305,30.4598,0.154806
2169,13,662,30.4105,30.4777,0.0672254
2170,77,523,30.4177,30.4849,0.067183
2156,18,214657,30.2073,30.497,0.289719
2172,104,732,30.4478,30.5139,0.0660969
2158,27,220429,30.2333,30.5254,0.292099
2175,93,270,30.4947,30.5608,0.066055
2162,36,191406,30.2753,30.5635,0.288271
2154,62,463854,30.1897,30.5708,0.381051
2178,67,1167,30.5216,30.5879,0.0663741
2180,64,1108,30.5272,30.5934,0.0661141
2181,11,333,30.5361,30.6021,0.0660625
2183,18,728,30.5618,30.6279,0.0660967
2171,1,66678,30.4468,30.6465,0.199724
2184,99,619,30.5959,30.662,0.0660924
2165,34,341178,30.332,30.6652,0.333225
2186,9,235,30.6373,30.7033,0.0660584
2187,36,4963,30.6391,30.706,0.066844
2190,41,2154,30.6622,30.7284,0.0661602
2174,114,274063,30.4575,30.7554,0.29782
2191,8,191,30.689,30.7555,0.0665557
2160,15,907689,30.2537,30.7717,0.518011
2192,110,7236,30.7064,30.818,0.111653
2173,87,534457,30.4511,30.8367,0.385588
2177,40,343958,30.5185,30.852,0.333448
2179,3,309591,30.5221,30.8577,0.335588
2168,71,752680,30.3979,30.8669,0.469017
2176,78,378900,30.5023,30.8862,0.383901
2188,36,100888,30.6447,30.8888,0.244113
2195,92,4157,30.8397,30.9062,0.0664237
2182,9,419880,30.5428,30.9183,0.375493
2185,11,232321,30.6348,30.9288,0.294064
2189,34,374223,30.6603,30.9974,0.337108
2200,2,7307,30.8996,31.0099,0.110227
2202,96,223,30.9518,31.0179,0.0660576
2194,42,103191,30.771,31.0193,0.248346
2204,94,716,30.9718,31.0379,0.0660999
2206,7,688,30.9835,31.0496,0.0661148
2193,75,264687,30.7606,31.0539,0.293261
2208,3,799,31.0122,31.0784,0.0661043
2198,19,118323,30.8824,31.1276,0.245225
2196,88,156266,30.8516,31.1384,0.2868
2197,77,155206,30.8641,31.1508,0.286755
2213,42,282,31.0894,31.1554,0.0660564
2217,69,1517,31.1333,31.1995,0.0661764
2218,51,851,31.1517,31.2193,0.0676366
2205,0,132653,30.973,31.22,0.246947
2199,39,404860,30.8899,31.2274,0.337523
2201,50,373575,30.9002,31.2372,0.337019
2207,53,118966,30.9999,31.2444,0.244403
2105,34,343663,29.5426,31.2531,1.71054
2203,108,154248,30.9711,31.2577,0.286673
2220,102,7294,31.1663,31.2774,0.11114
2222,27,527,31.2173,31.2834,0.0660886
2224,13,747,31.2507,31.3168,0.0660975
2225,66,744,31.2533,31.3194,0.0660974
2226,15,885,31.263,31.3295,0.0664232
2209,61,344418,31.0209,31.3557,0.334856
2212,90,213741,31.0779,31.3712,0.293281
2227,47,574,31.3249,31.3916,0.0667446
2210,65,366676,31.0573,31.3934,0.336167
2211,32,340566,31.077,31.4108,0.33377
2215,11,103597,31.1222,31.4173,0.295054
2230,60,668,31.3621,31.4282,0.0660943
2231,12,760,31.3637,31.4298,0.066098
2214,6,328674,31.1037,31.4379,0.334141
2219,113,156850,31.1573,31.4458,0.288537
2233,77,409,31.3857,31.4518,0.0660847
2234,56,702,31.3895,31.4556,0.0660957
2216,10,322140,31.1302,31.4679,0.337706
2235,50,1320,31.4004,31.4692,0.068863
2221,102,348351,31.1729,31.5098,0.336875
2236,61,5372,31.4167,31.5268,0.110101
2238,11,259,31.4837,31.5498,0.0660766
2239,37,872,31.4965,31.5626,0.0661025
2241,61,227,31.5096,31.5757,0.0660498
2242,84,584,31.5155,31.5816,0.0661161
2243,13,180,31.522,31.588,0.0660442
2228,57,90450,31.3568,31.6024,0.245676
2229,27,106724,31.3573,31.604,0.246659
2244,102,594,31.5435,31.6096,0.0661097
2232,96,185438,31.3717,31.6614,0.289697
2223,75,558963,31.2458,31.6652,0.419482
2247,87,269,31.6054,31.6715,0.0660548
2248,13,744,31.6073,31.6734,0.0660974
2245,60,7341,31.5676,31.6779,0.110228
2249,48,4714,31.6223,31.6885,0.0662713
2250,4,1026,31.6275,31.6936,0.0661086
2256,4,217,31.6745,31.7405,0.0660486
2258,84,394,31.6872,31.7533,0.0660876
2253,20,7005,31.6437,31.7539,0.110215
2259,73,233,31.7085,31.7745,0.0660505
2261,14,589,31.7133,31.7794,0.0660912
2262,22,180,31.7182,31.7842,0.0660442
2237,18,313845,31.4548,31.7871,0.332272
2240,14,174443,31.5057,31.7933,0.287588
2260,40,7475,31.7085,31.8187,0.110234
2246,93,77655,31.5975,31.84,0.242582
2265,74,725,31.7921,31.8582,0.0660966
2266,55,1278,31.7931,31.8593,0.0661209
2267,62,600,31.7938,31.8599,0.0661334
2268,7,4786,31.7954,31.8626,0.0672135
2252,19,139125,31.6429,31.8882,0.245305
2273,65,631,31.8599,31.926,0.0661198
2274,69,5314,31.8634,31.9297,0.0662996
2275,28,199,31.8797,31.9457,0.0660464
2254,48,249610,31.6614,31.9555,0.294132
2276,57,678,31.8963,31.9624,0.0660947
2277,21,537,31.8967,31.9628,0.0660943
2257,50,207206,31.6765,31.9661,0.289646
2251,18,342821,31.6334,31.9704,0.337059
2279,112,144,31.9135,31.9795,0.0660398
2280,69,768,31.928,31.9953,0.0672659
2255,111,341366,31.6624,32.0019,0.339491
2282,33,550,31.9497,32.0158,0.0660896
2284,46,1194,31.9724,32.0386,0.0661446
2263,60,140225,31.7538,32.0463,0.292478
2285,18,608,31.9902,32.0592,0.0690169
2281,11,7232,31.9471,32.0593,0.112238
2264,24,192480,31.7883,32.0766,0.288318
2287,103,427,32.0582,32.1243,0.0661031
2269,0,391272,31.7996,32.141,0.341403
2270,51,347256,31.8029,32.15,0.347065
2291,108,637,32.0947,32.1608,0.0660931
2272,94,293530,31.8368,32.1679,0.331119
2293,79,551,32.1157,32.1818,0.0660982
2271,37,325707,31.8086,32.1876,0.379048
2298,88,269,32.1716,32.2376,0.0660548
2303,8,2932,32.1965,32.2627,0.0661935
2297,80,13538,32.1676,32.2781,0.110502
2283,107,305290,31.9511,32.2876,0.336425
2290,24,66897,32.0936,32.2961,0.202407
2306,14,753,32.2404,32.3065,0.0660977
2307,69,319,32.2567,32.3227,0.0660608
2309,30,389,32.2703,32.338,0.0676858
2310,91,376,32.2788,32.3448,0.0660677
2308,12,6293,32.2611,32.3713,0.110182
2278,6,259714,31.9007,32.3727,0.472036
2312,88,577,32.3068,32.3729,0.0660946
2289,12,197529,32.0902,32.3822,0.291982
2313,97,1681,32.3467,32.4146,0.0679006
2288,55,345836,32.0852,32.4223,0.337071
2294,9,218443,32.1346,32.4292,0.294623
2315,1,405,32.3808,32.4469,0.0661043
2316,70,754,32.3931,32.4625,0.0694337
2304,42,110370,32.23,32.4789,0.248897
2320,96,737,32.4596,32.5258,0.0661418
2321,3,664,32.4627,32.5289,0.066136
2322,42,559,32.4671,32.5332,0.06609
2323,41,1162,32.4739,32.54,0.0661184
2292,35,540860,32.1152,32.5485,0.433358
2295,109,344588,32.1616,32.5486,0.386991
2296,47,345125,32.1617,32.5502,0.388464
2299,72,223354,32.18,32.5623,0.382295
2301,5,340422,32.1869,32.6163,0.429341
2302,101,243237,32.1892,32.6167,0.427547
2314,76,177593,32.3554,32.6466,0.291185
2300,72,309005,32.1816,32.6554,0.473744
2329,110,173,32.5955,32.6616,0.0660456
2318,60,147495,32.4295,32.6772,0.247714
2311,35,139052,32.2936,32.6808,0.387275
2317,51,233592,32.3985,32.6905,0.292081
2331,74,195,32.6417,32.7103,0.068638
2319,50,160217,32.448,32.736,0.287954
2337,95,1065,32.7065,32.7726,0.0661142
2326,89,186414,32.5236,32.8117,0.288068
2333,24,26110,32.6651,32.8198,0.154717
2327,17,164730,32.5392,32.8263,0.287111
2338,94,706,32.7694,32.8356,0.0661374
2339,96,632,32.8134,32.8796,0.0662597
2328,107,340974,32.5471,32.8805,0.333404
2324,43,437690,32.5076,32.885,0.377349
2341,5,674,32.8205,32.8879,0.0673764
2325,7,371174,32.5079,32.893,0.385083
2343,60,385,32.8527,32.9188,0.0660978
2344,57,4581,32.8551,32.9216,0.0664886
2345,111,2199,32.8599,32.9261,0.0662524
2336,9,83601,32.6984,32.953,0.254569
2330,114,347649,32.632,32.9657,0.333723
2332,90,282526,32.6518,32.9922,0.340368
2348,32,333,32.9289,32.9982,0.06925
2349,11,1244,32.9467,33.0128,0.0661195
2350,25,3698,32.9547,33.0209,0.0662263
2351,85,643,32.9552,33.0213,0.0660933
2305,31,586208,32.2363,33.0283,0.791988
2334,12,343337,32.6966,33.0318,0.335143
2335,92,299612,32.697,33.043,0.346061
2352,36,705,32.977,33.0431,0.0661172
2347,105,17287,32.9047,33.0595,0.154768
2353,95,645,33.0157,33.0818,0.0660934
2354,57,6006,33.0371,33.1473,0.110201
2346,55,165940,32.8653,33.1531,0.287777
2342,13,406375,32.8448,33.1809,0.336108
2340,23,533394,32.8158,33.1961,0.38034
2358,95,12548,33.1827,33.2931,0.110458
2359,67,11014,33.1881,33.2985,0.11039
2360,53,499,33.2458,33.3119,0.0660824
2361,66,132,33.2626,33.3286,0.066067
2355,17,53647,33.13,33.3293,0.199239
2362,111,297,33.2765,33.3426,0.0660788
2364,114,4164,33.2988,33.365,0.0662471
2365,21,672,33.3069,33.373,0.0661136
2366,47,646,33.3125,33.3786,0.0661117
2357,17,103068,33.1631,33.4069,0.243784
2370,78,1117,33.3582,33.4244,0.0661508
2371,42,223,33.3621,33.4282,0.0660493
2372,53,588,33.3627,33.4288,0.0660911
2373,81,4345,33.3645,33.4309,0.0663798
2356,11,347752,33.134,33.4675,0.333516
2286,15,282485,32.0332,33.4834,1.45021
2376,78,420,33.4222,33.4883,0.0660905
2377,67,684,33.4266,33.4927,0.066095
2378,83,702,33.4343,33.5004,0.0660957
2380,41,635,33.4719,33.538,0.066093
2381,3,1084,33.497,33.5632,0.0661626
2379,15,6966,33.4552,33.5655,0.110318
2363,11,236423,33.29,33.5802,0.290253
2368,39,145387,33.3406,33.5862,0.245595
2383,106,267,33.5697,33.6358,0.0660546
2385,51,2238,33.5857,33.6519,0.0662716
2367,92,348304,33.3201,33.6538,0.333644
2386,41,4051,33.5895,33.6561,0.0666674
2387,107,445,33.6005,33.6665,0.066076
2389,43,1409,33.6136,33.6798,0.0661712
2390,46,727,33.6164,33.6825,0.0660967
2369,75,300796,33.3534,33.6849,0.331439
2382,110,68973,33.5011,33.701,0.199841
2374,23,342598,33.3707,33.704,0.333293
2388,106,7839,33.6028,33.7131,0.110251
2375,22,292802,33.388,33.7191,0.331085
2392,57,398,33.6816,33.7477,0.0660834
2394,36,644,33.7073,33.7734,0.0660934
2396,41,879,33.7361,33.8022,0.0661028
2384,40,145578,33.5822,33.8278,0.245573
2400,102,826,33.7868,33.8529,0.0661006
2393,96,267911,33.6966,33.9889,0.292296
2397,50,108350,33.7452,33.9898,0.244603
2406,15,7930,33.8927,34.003,0.110254
2391,100,341840,33.6807,34.0155,0.33476
2410,35,613,33.9638,34.0299,0.0660969
2395,35,342614,33.7184,34.0517,0.33329
2412,77,713,33.9963,34.0627,0.066455
2413,88,2912,34.0139,34.0801,0.0661927
2418,7,125,34.0383,34.1078,0.0694927
2419,101,687,34.0617,34.1278,0.0660951
2403,19,155646,33.8576,34.1455,0.28785
2398,71,349055,33.7712,34.1533,0.382114
2402,14,340601,33.8562,34.1904,0.334222
2404,51,344392,33.8635,34.2015,0.337955
2421,48,5100,34.1357,34.2027,0.0669974
2399,33,578758,33.7751,34.2181,0.442955
2405,107,352372,33.888,34.223,0.335059
2401,113,454972,33.8249,34.2614,0.436468
2422,5,1665,34.1962,34.2632,0.0670445
2407,15,399580,33.936,34.2729,0.336905
2408,9,341970,33.9463,34.2854,0.339145
2425,70,253,34.2689,34.3365,0.06768
2414,86,341121,34.0273,34.363,0.335683
2417,96,211032,34.0363,34.3792,0.342878
2426,91,207,34.3172,34.3833,0.0660587
2427,46,623,34.3176,34.3837,0.066134
2428,85,676,34.3256,34.3917,0.0661063
2430,93,1286,34.3505,34.4167,0.0661663
2415,42,401205,34.0319,34.4203,0.388411
2423,11,105850,34.2195,34.4706,0.251063
2416,3,539695,34.034,34.4706,0.436661
2420,96,480775,34.0912,34.4749,0.383698
2411,3,383756,33.9684,34.4803,0.511892
2433,69,5054,34.4266,34.4929,0.066287
2431,58,7445,34.3915,34.5017,0.110237
2436,39,653,34.4527,34.5188,0.0661093
2438,100,601,34.4661,34.5322,0.0660916
2440,95,776,34.4877,34.5545,0.0668409
2429,7,105149,34.3434,34.5872,0.243824
2444,19,638,34.5277,34.5939,0.0661316
2424,83,342570,34.2569,34.5999,0.342934
2448,2,238,34.566,34.632,0.0660511
2450,57,593,34.5701,34.6362,0.0660913
2451,97,752,34.5714,34.6375,0.0660977
2453,96,720,34.5815,34.6476,0.0660964
2455,15,459,34.5927,34.6588,0.066104
2456,13,680,34.6012,34.6673,0.0660948
2449,114,8475,34.5676,34.6779,0.110278
2460,95,255,34.6633,34.7346,0.0712493
2437,90,156831,34.4538,34.7441,0.29032
2439,55,246356,34.4836,34.7749,0.291301
2434,6,228882,34.4412,34.7792,0.337974
2435,57,368912,34.4415,34.8257,0.384202
2462,5,653,34.7628,34.8311,0.0683198
2441,81,295331,34.4947,34.8313,0.336662
2445,20,143570,34.5422,34.8387,0.296547
2442,106,293162,34.4991,34.8448,0.345747
2446,101,212195,34.5554,34.893,0.337628
2465,71,625,34.83,34.8978,0.0677654
2466,66,560,34.8499,34.9162,0.0662803
2467,27,1753,34.8511,34.9178,0.0667209
2468,37,796,34.8556,34.9218,0.0661639
2452,7,419501,34.5806,34.9595,0.378927
2470,96,2701,34.8983,34.9646,0.0663306
2473,88,664,34.9203,34.9891,0.0687864
2447,69,331292,34.565,34.9934,0.428423
2474,45,439,34.9385,35.0046,0.0660772
2409,75,211283,33.9579,35.0089,1.05094
2475,53,4177,34.945,35.0112,0.0662476
2472,106,7182,34.9156,35.0265,0.110862
2432,84,767615,34.4154,35.0273,0.611908
2443,37,518479,34.5182,35.0394,0.521159
2476,77,1041,34.9874,35.0535,0.0661092
2477,83,599,35.0001,35.0662,0.0660916
2464,5,143842,34.8276,35.0755,0.247907
2481,47,683,35.0189,35.085,0.0661243
2482,89,414,35.02,35.0861,0.0661179
2483,21,609,35.0285,35.0952,0.0667162
2479,105,10050,35.0089,35.1197,0.110838
2463,104,349279,34.8041,35.138,0.333898
2486,32,5107,35.0901,35.1564,0.0662892
2487,92,712,35.1284,35.1945,0.0661348
2469,80,347892,34.8863,35.2201,0.333762
2471,32,347994,34.9069,35.2405,0.333558
2458,49,230130,34.6433,35.2456,0.602352
2485,25,61233,35.0479,35.2474,0.199482
2492,50,655,35.1923,35.2608,0.0685006
2493,84,764,35.1954,35.2615,0.0661055
2490,17,7487,35.1651,35.2755,0.110394
2494,57,240,35.2094,35.2758,0.0663978
2484,70,229985,35.0327,35.3229,0.290212
2497,21,740,35.288,35.3553,0.0673563
2498,13,784,35.2923,35.3584,0.0661002
2499,2,2670,35.3088,35.375,0.0661809
2500,87,1968,35.3129,35.379,0.0661506
2478,18,419907,35.0079,35.383,0.375073
2457,112,554588,34.6035,35.3884,0.784881
2480,57,346319,35.0102,35.3922,0.381917
2502,103,1011,35.3275,35.3937,0.066161
2489,39,106061,35.1523,35.4008,0.248481
2491,5,92492,35.1913,35.4418,0.250452
2504,15,5825,35.3594,35.4696,0.110156
2501,6,20207,35.3229,35.4775,0.154547
2454,96,347683,34.5816,35.4892,0.907661
2507,18,6663,35.4273,35.5375,0.110199
2510,15,456,35.4935,35.5596,0.0661054
2496,53,347529,35.2538,35.5939,0.340111
2515,45,678,35.573,35.6391,0.0661218
2514,46,7376,35.5501,35.6621,0.112011
2495,57,668652,35.252,35.6872,0.435282
2503,20,340831,35.3568,35.6925,0.335727
2517,104,4138,35.6251,35.6935,0.0684317
2505,66,346827,35.3608,35.6977,0.336829
2459,94,515407,34.6518,35.7084,1.05653
2520,17,635,35.6424,35.7101,0.067743
2523,107,373,35.6715,35.7377,0.0662683
2506,38,413191,35.3696,35.7452,0.375506
2524,87,700,35.6897,35.7558,0.0660956
2508,13,344848,35.4463,35.7797,0.333399
2511,18,186447,35.5036,35.7926,0.288965
2526,21,5186,35.7311,35.7974,0.0662923
2527,111,4797,35.7406,35.8071,0.0665378
2512,35,157283,35.5298,35.8167,0.286879
2528,23,232,35.7678,35.8339,0.0660687
2509,4,446787,35.4748,35.8553,0.380495
2531,16,613,35.7903,35.8575,0.0671426
2533,13,209,35.809,35.8751,0.0660476
2534,63,4903,35.824,35.8903,0.066281
2519,50,207479,35.6386,35.9309,0.292269
2535,36,658,35.8643,35.9312,0.0669114
2516,43,346588,35.6079,35.9433,0.335391
2538,111,442,35.8965,35.9625,0.0660756
2518,75,401463,35.6314,35.9707,0.339234
2540,2,352,35.9197,35.9879,0.0682052
2521,55,304605,35.6585,35.9913,0.332827
2529,5,102724,35.7765,36.021,0.244548
2543,51,159,35.9601,36.0262,0.0660707
2525,96,372166,35.6935,36.0312,0.337646
2522,47,435622,35.6632,36.0424,0.379248
2488,40,340227,35.1476,36.0627,0.915073
2544,103,206,36.0195,36.0862,0.0666638
2547,68,515,36.0384,36.1045,0.0660989
2530,26,351634,35.7838,36.1176,0.333726
2548,4,3268,36.0605,36.1267,0.0662091
2532,24,347786,35.7968,36.1315,0.33467
2545,37,7331,36.0287,36.1411,0.112424
2552,114,120,36.0816,36.1477,0.066073
2539,91,93587,35.9048,36.1481,0.243304
2461,93,325850,34.682,36.1705,1.48848
2554,76,884,36.1255,36.1928,0.0672948
2537,26,342605,35.8881,36.2278,0.339693
2541,64,237781,35.9358,36.2318,0.295985
2542,0,205258,35.939,36.2351,0.296046
2556,13,260,36.1656,36.2361,0.0705082
2557,71,764,36.1762,36.2423,0.0660982
2536,38,513485,35.8735,36.2567,0.383202
2559,62,205,36.1943,36.2603,0.0660472
2561,97,446,36.203,36.2699,0.0669104
2546,44,264623,36.034,36.3321,0.298038
2563,23,679,36.2651,36.3321,0.0670262
2549,3,193693,36.0637,36.3522,0.288461
2565,56,346,36.3009,36.367,0.066066
2551,43,198809,36.0761,36.3701,0.294001
2550,33,348882,36.0676,36.4032,0.335651
2553,24,347236,36.0892,36.4299,0.340675
2566,26,657,36.3626,36.4304,0.0677607
2567,23,625,36.3661,36.4322,0.0661328
2555,34,318433,36.1342,36.4687,0.334478
2569,18,665,36.4053,36.4733,0.0680027
2560,26,150264,36.2005,36.487,0.286521
2570,16,4528,36.4249,36.4912,0.0662638
2568,101,9252,36.387,36.4973,0.110314
2558,53,345629,36.1887,36.5221,0.333451
2571,0,714,36.4805,36.5467,0.0661333
2573,114,720,36.483,36.5494,0.0663827
2574,32,4917,36.4953,36.5616,0.0662816
2575,67,792,36.5128,36.5789,0.0660993
2576,12,673,36.5222,36.5883,0.0660945
2564,84,342813,36.2652,36.5994,0.334184
2577,86,298,36.5435,36.6096,0.0660583
2562,22,445152,36.2579,36.6341,0.376185
2579,29,682,36.5787,36.6448,0.0660949
2578,27,8257,36.5526,36.6629,0.110269
2584,27,671,36.6399,36.706,0.0660944
2586,101,291,36.6554,36.7215,0.0660575
2587,69,551,36.6651,36.7312,0.0660896
2572,96,297455,36.4827,36.814,0.331363
2588,1,660,36.7523,36.8192,0.0669669
2580,41,98557,36.598,36.8415,0.243503
2581,9,180409,36.6028,36.8916,0.288824
2594,75,396,36.8306,36.8967,0.0660701
2596,2,462,36.8607,36.9267,0.066078
2585,26,201512,36.647,36.9359,0.288816
2597,36,509,36.8794,36.9455,0.0660836
2582,89,343038,36.6165,36.9499,0.333446
2590,21,29527,36.7955,36.9504,0.154987
2598,101,452,36.8859,36.9524,0.0665173
2583,3,349490,36.6213,36.9563,0.334949
2591,67,53587,36.8077,37.0068,0.199144
2599,90,1082,36.9448,37.011,0.066113
2592,64,37649,36.8148,37.0132,0.198444
2513,54,324153,35.5414,37.028,1.48669
2602,61,475,36.9861,37.0521,0.0660796
2593,103,97179,36.8201,37.0635,0.243443
2603,26,678,37.0089,37.075,0.0661157
2600,59,6641,36.9657,37.076,0.11033
2589,27,243933,36.7885,37.0797,0.291289
2604,87,387,37.0348,37.1009,0.066069
2606,83,145,37.0826,37.1486,0.06604
2595,50,343766,36.8358,37.1695,0.333707
2607,89,437,37.1037,37.1697,0.0660826
2608,103,572,37.1221,37.1882,0.0660905
2610,112,715,37.1754,37.2415,0.0661211
2613,25,867,37.1869,37.253,0.0661023
2614,14,370,37.2194,37.2855,0.0661093
2615,77,4550,37.2239,37.2901,0.0662647
2612,10,9684,37.1801,37.2905,0.110333
2616,110,388,37.2258,37.2919,0.0660691
2601,3,346077,36.9738,37.3072,0.33345
2617,19,650,37.2515,37.3176,0.0660936
2618,57,411,37.2535,37.3195,0.0660719
2620,40,4523,37.2727,37.339,0.0662636
2621,104,644,37.2824,37.3485,0.0661131
2605,1,325120,37.0429,37.3772,0.334288
2623,53,601,37.3111,37.3781,0.066955
2624,18,723,37.3445,37.4106,0.0660965
2609,18,338191,37.1279,37.461,0.333093
2629,99,294,37.3958,37.4618,0.0660658
2611,19,265200,37.1762,37.468,0.291857
2630,86,724,37.4029,37.469,0.0660966
2632,5,693,37.4688,37.5348,0.0660953
2633,0,3579,37.4693,37.5355,0.0662216
2631,33,7251,37.4396,37.5498,0.110225
2622,84,155541,37.2833,37.57,0.286693
2636,104,1889,37.5268,37.593,0.0661475
2619,105,344947,37.2715,37.6049,0.333391
2625,43,144802,37.3733,37.6195,0.246168
2626,14,261646,37.3761,37.6682,0.292064
2627,105,218275,37.3828,37.673,0.290188
2643,105,813,37.6397,37.7058,0.0661001
2628,62,348891,37.385,37.7202,0.335158
2634,105,144773,37.4773,37.7245,0.247233
2645,36,117,37.6685,37.7345,0.0660366
2647,87,635,37.6898,37.7559,0.066093
2635,91,180926,37.5054,37.794,0.288577
2638,89,108763,37.5544,37.799,0.244617
2649,84,607,37.7329,37.799,0.0661258
2646,53,6336,37.6889,37.7991,0.110202
2652,103,755,37.7578,37.8239,0.0660978
2637,0,216267,37.5396,37.8294,0.289796
2640,108,148910,37.5962,37.8426,0.246354
2653,103,2170,37.7915,37.8576,0.0661609
2641,64,90917,37.6184,37.8615,0.243167
2651,69,5501,37.7532,37.8633,0.110117
2654,92,460,37.7984,37.8645,0.0660778
2655,5,613,37.8194,37.8855,0.0660981
2656,101,532,37.8221,37.8881,0.0660864
2639,97,284886,37.5623,37.8948,0.332469
2658,26,427,37.8976,37.9637,0.0660738
2660,12,725,37.9012,37.9673,0.0661125
2659,20,5352,37.9011,37.9674,0.0663344
2661,90,371,37.9037,37.9698,0.0660978
2644,23,343397,37.6485,37.9819,0.33334
2662,94,270,37.9206,37.9867,0.0660787
2663,37,559,37.933,37.9991,0.06609
2648,12,246899,37.7169,38.0077,0.290765
2642,88,481752,37.6375,38.0153,0.377764
2664,6,493,37.9509,38.017,0.0661218
2650,12,220577,37.7427,38.0323,0.289596
2667,24,777,38.0021,38.0682,0.0660987
2669,86,592,38.0281,38.0942,0.0660913
2671,80,663,38.0378,38.1039,0.0660941
2673,110,1365,38.0519,38.1181,0.0661709
2675,41,359,38.0627,38.1287,0.0660656
2670,49,7204,38.0362,38.1464,0.110223
2677,2,658,38.0874,38.1535,0.0660939
2679,0,272,38.1057,38.1717,0.0660552
2665,2,103184,37.9671,38.2114,0.244354
2657,42,480769,37.8729,38.2506,0.377716
2668,23,142552,38.0139,38.2594,0.245439
2683,3,989,38.2043,38.2704,0.0661072
2666,19,221221,37.9885,38.278,0.289583
2684,96,608,38.2173,38.2834,0.0660919
2672,24,140168,38.0437,38.2895,0.245797
2685,59,466,38.2395,38.3057,0.066118
2678,60,90130,38.0902,38.3334,0.243144
2688,43,692,38.288,38.3541,0.0660953
2689,112,369,38.2977,38.3641,0.0664252
2674,39,348888,38.0525,38.3862,0.333658
2681,13,149369,38.1446,38.3914,0.246809
2682,48,105231,38.1512,38.395,0.243798
2690,57,1241,38.3306,38.3967,0.0661194
2676,111,340713,38.0693,38.4079,0.338531
2692,110,756,38.3457,38.4118,0.0660978
2696,5,615,38.3859,38.452,0.0660922
2693,20,7408,38.3536,38.4638,0.110231
2697,14,267,38.4178,38.4838,0.0660546
2680,84,525734,38.1122,38.4957,0.383548
2700,106,676,38.4969,38.563,0.0660946
2701,17,614,38.5059,38.572,0.0661005
2702,91,146,38.507,38.573,0.0660401
2703,86,1177,38.51,38.5761,0.0661752
2686,96,348036,38.2459,38.5806,0.334749
2704,66,224,38.5449,38.6114,0.0664685
2687,56,341967,38.2777,38.6123,0.334558
2691,50,316333,38.3429,38.6766,0.333681
2694,10,341542,38.3682,38.7019,0.3337
2695,96,347119,38.377,38.7105,0.333542
2711,95,785,38.6472,38.7133,0.066114
2712,5,770,38.6477,38.7138,0.0660984
2714,41,344,38.6816,38.7477,0.0660638
2698,14,244312,38.475,38.7658,0.290739
2716,75,666,38.7045,38.7706,0.0661158
2719,106,1886,38.7344,38.8006,0.0661474
2720,35,685,38.7364,38.8026,0.0661371
2721,5,446,38.7365,38.8026,0.0661422
2725,69,534,38.7618,38.833,0.0711704
2718,34,5920,38.7312,38.8414,0.110167
2705,111,217621,38.5599,38.8503,0.290468
2730,29,642,38.8067,38.878,0.0713321
2731,35,678,38.811,38.8809,0.0699373
2706,37,346304,38.567,38.9032,0.336164
2727,105,14593,38.7912,38.9036,0.112394
2707,41,250349,38.5707,38.9092,0.338494
2733,51,5330,38.8508,38.9227,0.071848
2734,46,286,38.8512,38.9229,0.0717259
2735,19,208,38.854,38.9266,0.0725992
2717,9,38329,38.7256,38.9303,0.20464
2713,67,226262,38.6499,38.9415,0.291583
2736,6,1205,38.8769,38.9434,0.0665063
2738,32,512,38.8896,38.9561,0.0665589
2709,37,286618,38.6255,38.957,0.331552
2742,92,863,38.9178,38.9856,0.0678245
2739,94,10437,38.8899,39.0008,0.110882
2740,45,7404,38.8986,39.0122,0.113618
2743,41,476,38.9472,39.0134,0.0661934
2722,74,232578,38.7384,39.0325,0.294094
2729,26,78269,38.7992,39.0477,0.248456
2746,89,274,38.9843,39.0504,0.0660554
2747,43,651,38.9865,39.0562,0.0697104
2699,32,1019337,38.4913,39.0648,0.573466
2715,77,541259,38.6994,39.0887,0.389241
2748,96,761,39.0198,39.0921,0.0723185
2728,24,201177,38.7929,39.0928,0.299866
2724,43,340384,38.7593,39.0989,0.339627
2749,2,449,39.0448,39.111,0.0662023
2723,102,348311,38.7448,39.135,0.390258
2754,3,361,39.0851,39.1512,0.066127
2755,96,684,39.1018,39.1679,0.066095
2732,27,344511,38.8472,39.186,0.338828
2710,6,443143,38.6347,39.1969,0.562222
2756,48,768,39.1485,39.2146,0.0660983
2737,42,336962,38.8803,39.2219,0.341633
2745,110,103815,38.9732,39.2239,0.250749
2751,17,66602,39.0714,39.2732,0.201793
2759,21,647,39.21,39.2761,0.0661154
2762,55,744,39.2204,39.2865,0.0660974
2708,96,1098255,38.5833,39.2907,0.707408
2764,72,642,39.2246,39.2908,0.066126
2744,93,303453,38.9601,39.2979,0.337821
2765,70,589,39.2293,39.298,0.068644
2767,47,441,39.2479,39.314,0.0660755
2750,19,215258,39.0491,39.3391,0.29001
2766,53,6088,39.2446,39.3548,0.110174
2726,114,609877,38.7743,39.3832,0.60896
2769,45,698,39.3304,39.3965,0.0660955
2771,42,733,39.3422,39.41,0.0678409
2752,87,383592,39.0734,39.4155,0.342121
2753,88,341497,39.0752,39.4173,0.342133
2770,73,12519,39.3366,39.4471,0.110457
2773,46,657,39.3841,39.4502,0.0660939
2774,70,507,39.3974,39.4635,0.0661145
2775,53,2307,39.4227,39.4888,0.0661664
2776,2,659,39.436,39.5021,0.066094
2760,3,160847,39.2176,39.5073,0.289722
2768,81,70400,39.2645,39.5157,0.251188
2763,32,225233,39.2214,39.5186,0.297205
2778,96,748,39.4607,39.5268,0.0661179
2780,42,372,39.4723,39.5384,0.0660672
2758,13,346603,39.2089,39.5429,0.333989
2761,93,303404,39.219,39.5529,0.333902
2757,67,433393,39.1927,39.5684,0.375608
2785,66,867,39.5189,39.5851,0.0662744
2772,67,105281,39.3465,39.5942,0.247794
2788,69,373,39.563,39.6291,0.0660804
2790,64,520,39.5736,39.6396,0.066085
2791,37,643,39.579,39.6451,0.0660933
2792,87,197,39.586,39.6522,0.0662131
2793,48,4975,39.5886,39.6549,0.0662839
2796,83,632,39.6017,39.6678,0.0660929
2797,103,650,39.615,39.6811,0.0661144
2798,45,1097,39.6153,39.6815,0.0661757
2799,56,347,39.6347,39.7008,0.0660642
2801,34,704,39.6489,39.7166,0.0676434
2781,111,74165,39.4747,39.7182,0.243566
2803,34,476,39.6797,39.747,0.0673674
2805,65,305,39.6837,39.7498,0.0660592
2787,11,55572,39.5603,39.7611,0.200859
2789,3,61541,39.5683,39.7715,0.20319
2807,28,677,39.7019,39.7718,0.0699339
2777,28,406235,39.4458,39.7902,0.344321
2808,88,298,39.7273,39.7933,0.0660583
2779,40,280712,39.4713,39.8021,0.330784
2782,28,356793,39.4755,39.8156,0.340105
2783,0,180242,39.4817,39.8169,0.335278
2809,26,1406,39.7544,39.8205,0.066126
2784,75,181626,39.497,39.8288,0.331769
2810,48,539,39.7717,39.8378,0.0660892
2813,38,4716,39.8006,39.8669,0.0662714
2814,16,499,39.8032,39.8693,0.0660824
2815,68,286,39.8217,39.896,0.0743007
2802,97,110448,39.6607,39.9073,0.246663
2804,97,137692,39.6807,39.9262,0.245538
2820,6,605,39.8638,39.9318,0.0679424
2794,88,347052,39.5965,39.9358,0.339209
2795,114,347609,39.5982,39.9396,0.341478
2822,41,720,39.8879,39.954,0.0660964
2823,110,1835,39.9027,39.9688,0.0661637
2825,39,255,39.9207,39.987,0.0663816
2826,42,4078,39.9227,39.9891,0.0664088
2800,42,210653,39.6485,39.9915,0.343047
2817,15,17057,39.8274,39.9922,0.164789
2827,43,1217,39.9285,39.9951,0.0666654
2830,96,692,39.9895,40.0556,0.0660953
2811,0,194301,39.7745,40.0631,0.288644
2828,82,7259,39.9644,40.0747,0.11031
2812,40,157957,39.7917,40.0821,0.290406
2821,26,67656,39.8769,40.0832,0.206277
2816,70,245159,39.8243,40.1255,0.301194
2819,22,223597,39.8401,40.1311,0.290996
2836,12,705,40.0928,40.1589,0.0660958
2824,20,202625,39.905,40.1952,0.290186
2838,74,217,40.1322,40.1983,0.0660486
2840,114,1225,40.1671,40.2332,0.0661188
2806,80,346929,39.6905,40.2942,0.603785
2829,62,345699,39.9645,40.2987,0.334204
2841,42,453,40.2331,40.3003,0.0671844
2832,56,168888,40.037,40.3243,0.28728
2834,41,154413,40.0427,40.3306,0.287946
2843,49,4091,40.2671,40.3346,0.0675223
2831,65,311952,40.0131,40.3466,0.333507
2741,110,294333,38.9114,40.3575,1.44609
2844,58,332,40.2942,40.3602,0.0660624
2846,28,583,40.3023,40.3684,0.0660909
2833,88,320169,40.0381,40.3712,0.333055
2851,55,111,40.3575,40.4235,0.066088
2837,21,329332,40.0931,40.4313,0.338131
2839,71,230059,40.1459,40.4378,0.291869
2853,66,499,40.3956,40.4617,0.0660824
2856,74,2271,40.4595,40.5256,0.0661649
2858,47,114,40.4778,40.5438,0.0660362
2852,35,32261,40.3926,40.5484,0.155793
2862,55,789,40.5075,40.5736,0.0660992
2864,52,2298,40.5192,40.5857,0.0664927
2845,77,247493,40.2946,40.5857,0.291082
2842,95,325176,40.2588,40.5919,0.333189
2867,41,652,40.5447,40.6108,0.0660937
2855,106,70849,40.4325,40.6342,0.201619
2849,6,239745,40.3499,40.6415,0.291587
2865,89,7209,40.5292,40.6416,0.112477
2850,47,261841,40.3556,40.6495,0.293941
2835,41,1028787,40.0898,40.6536,0.563882
2857,56,45745,40.4604,40.6599,0.199556
2854,36,145285,40.416,40.6621,0.246161
2847,16,340905,40.3344,40.6676,0.333212
2869,91,2145,40.61,40.6773,0.0673126
2848,27,361525,40.3432,40.6791,0.335841
2870,50,3195,40.6144,40.6813,0.0669813
2871,113,463,40.638,40.7047,0.0666772
2874,79,718,40.6934,40.7596,0.0661322
2876,77,713,40.7059,40.772,0.0660961
2877,110,773,40.7085,40.7746,0.0661289
2875,36,12900,40.6947,40.8064,0.111682
2859,38,325631,40.4866,40.8199,0.333337
2860,45,341470,40.4892,40.8264,0.33717
2878,84,400,40.7609,40.8277,0.0667616
2861,54,272820,40.4924,40.838,0.345536
2879,78,768,40.7739,40.84,0.0660983
2868,83,231576,40.5578,40.8483,0.290573
2863,75,329222,40.516,40.85,0.333963
2866,103,292097,40.5348,40.8787,0.343959
2882,68,602,40.8173,40.8834,0.0660917
2883,23,429,40.8188,40.8848,0.066074
2873,41,91591,40.6566,40.9006,0.244006
2885,13,102,40.8466,40.9126,0.0660348
2886,45,348,40.8724,40.9384,0.0660643
2889,2,700,40.9275,40.9936,0.0660956
2890,78,731,40.9372,41.0033,0.0660968
2891,85,4899,40.9546,41.0209,0.0662832
2892,83,652,40.955,41.0211,0.0660937
2893,17,1173,40.9846,41.0508,0.0661634
2872,43,680950,40.6544,41.1186,0.464164
2884,75,153847,40.8398,41.1282,0.288484
2880,63,291940,40.8071,41.1382,0.331101
2898,87,560,41.1001,41.1662,0.06609
2881,12,531022,40.8115,41.195,0.383551
2899,75,262,41.1312,41.1977,0.0665237
2887,21,245463,40.9265,41.221,0.294499
2903,69,260,41.1695,41.2359,0.0664073
2904,37,855,41.1874,41.2535,0.0661018
2907,18,642,41.2093,41.2754,0.0660933
2908,67,1285,41.2141,41.2803,0.0661768
2910,91,1127,41.2375,41.3036,0.066126
2894,78,342596,40.9909,41.3258,0.334918
2896,43,258301,41.0428,41.3363,0.293503
2895,90,334604,40.9988,41.3399,0.341064
2912,73,208,41.2763,41.3435,0.0671624
2888,34,591154,40.9268,41.3581,0.431286
2897,12,134045,41.0924,41.3906,0.298215
2906,84,57243,41.1972,41.3998,0.202592
2915,114,1669,41.3489,41.4151,0.0661949
2916,84,638,41.3559,41.422,0.0661094
2902,20,163824,41.1439,41.4384,0.294551
2917,93,393,41.3668,41.4387,0.0718947
2918,67,722,41.3794,41.4455,0.0660965
2919,36,601,41.4037,41.4698,0.0660916
2900,77,345982,41.1352,41.4793,0.344082
2901,27,257749,41.1363,41.4818,0.34552
2905,13,267441,41.1924,41.4903,0.297961
2786,24,512490,39.5558,41.4951,1.93928
2909,89,365822,41.2238,41.5637,0.339883
2922,32,569,41.5254,41.5933,0.0678304
2911,11,400198,41.2595,41.5978,0.338267
2913,24,341227,41.3228,41.662,0.339191
2925,114,727,41.6104,41.6765,0.0660967
2926,28,1113,41.6116,41.6777,0.0661658
2914,89,336722,41.3461,41.6792,0.333081
2927,75,640,41.6353,41.7014,0.066122
2929,34,426,41.638,41.7041,0.0660852
2818,104,361190,39.8275,41.7243,1.89686
2928,68,11053,41.638,41.7486,0.110654
2923,103,50039,41.5617,41.7607,0.198989
2933,10,770,41.7044,41.7705,0.0660984
2934,80,806,41.7131,41.7792,0.0660998
2920,72,165141,41.5028,41.7899,0.287115
2921,50,346050,41.5091,41.8426,0.33344
2937,111,638,41.8342,41.9023,0.0680938
2924,50,304119,41.601,41.9346,0.333624
2942,51,564,41.8944,41.9606,0.0661302
2943,105,528,41.9098,41.9758,0.0660859
2932,14,250798,41.6986,41.9922,0.293514
2930,41,340849,41.6543,41.9932,0.338863
2931,94,220468,41.6574,41.996,0.338605
2945,85,760,41.9373,42.0034,0.066098
2946,25,1287,41.9476,42.0137,0.0661212
2947,14,1380,41.9586,42.0248,0.066125
2935,26,346188,41.7181,42.0515,0.33345
2938,16,75420,41.8425,42.0878,0.245266
2950,2,6482,41.9956,42.1058,0.110192
2944,19,57882,41.9283,42.1309,0.202651
2941,9,227821,41.8746,42.1679,0.293315
2936,53,517638,41.7973,42.1792,0.381868
2955,86,618,42.1367,42.2028,0.0660923
2940,60,347959,41.8729,42.2123,0.339363
2956,33,1270,42.1431,42.2126,0.0695501
2957,18,756,42.1464,42.2129,0.0664784
2948,37,108814,41.9797,42.2256,0.245897
2961,11,712,42.1957,42.2618,0.066099
2962,22,678,42.2068,42.2729,0.0661354
2939,11,584318,41.8645,42.2851,0.420585
2964,55,750,42.2351,42.3012,0.0661379
2952,83,75114,42.0592,42.3018,0.24262
2963,36,10676,42.2198,42.3302,0.110387
2967,85,153,42.2704,42.3364,0.0660451
2968,94,668,42.2721,42.3382,0.0660943
2970,7,686,42.2796,42.3458,0.066195
2971,89,650,42.2867,42.3528,0.0660936
2972,112,1126,42.2903,42.3564,0.0661148
2949,62,463373,41.9864,42.3633,0.376975
2951,72,340571,42.0361,42.3695,0.333412
2969,42,7395,42.2754,42.3856,0.110231
2954,38,240225,42.1003,42.3946,0.294337
2973,96,702,42.3287,42.3983,0.069624
2953,86,346061,42.0918,42.4256,0.333856
2975,70,481,42.3828,42.4501,0.0672926
2977,65,437,42.4451,42.5145,0.069342
2978,66,345,42.4565,42.5226,0.0660932
2960,67,342734,42.1916,42.5252,0.333642
2965,54,199990,42.2668,42.5569,0.290112
2959,93,453486,42.1516,42.5905,0.438818
2966,41,301087,42.2676,42.5999,0.332353
2983,35,482,42.5514,42.6175,0.0660804
2974,88,348612,42.3391,42.6744,0.335309
2958,87,575666,42.1508,42.6785,0.527665
2984,68,618,42.6142,42.681,0.0668424
2985,34,605,42.6301,42.6962,0.0661156
2986,71,427,42.6351,42.7012,0.0660738
2976,21,341610,42.4043,42.7403,0.335924
2988,70,755,42.689,42.7565,0.0674824
2980,68,212400,42.5044,42.7962,0.291798
2979,13,348908,42.4621,42.7993,0.337118
2981,29,211363,42.5148,42.8048,0.290033
2989,30,608,42.7505,42.8166,0.0660919
2991,48,1462,42.7626,42.8287,0.0661282
2992,46,663,42.7723,42.8403,0.0680395
2982,77,301587,42.5477,42.8792,0.331473
2987,58,81786,42.648,42.8908,0.24282
2994,35,722,42.833,42.8991,0.0660965
2995,95,617,42.8425,42.9086,0.0660923
2996,0,665,42.8651,42.9312,0.0660942
2997,84,761,42.8768,42.9429,0.066098
2998,114,5095,42.9085,42.9748,0.0662887
2999,112,147,42.9228,42.9888,0.0660402
3000,41,647,42.9279,42.994,0.0660935
3004,23,185,42.9648,43.0309,0.0660485
3006,17,1858,43.0163,43.0824,0.0661462
3007,77,641,43.0257,43.0918,0.0661256
2990,17,301763,42.7611,43.0926,0.331503
2993,76,348327,42.7859,43.1195,0.333546
3011,64,285,43.072,43.1381,0.0660568
3013,33,4943,43.0956,43.1619,0.0662968
3005,35,145923,42.9694,43.215,0.245592
3016,42,231,43.1603,43.2264,0.0660655
3018,20,689,43.1687,43.2419,0.0732529
3021,40,884,43.1884,43.2545,0.066103
3022,2,623,43.1903,43.2564,0.0661124
3001,22,297496,42.9443,43.285,0.34065
3002,55,348033,42.9454,43.2862,0.34087
3003,63,207823,42.954,43.2929,0.338933
3026,38,345,43.233,43.3013,0.0683664
3027,26,398,43.2563,43.3224,0.0660782
3023,27,6599,43.22,43.3377,0.117627
3024,28,7998,43.2244,43.3397,0.115285
3028,3,859,43.285,43.3511,0.066102
3008,47,348470,43.0401,43.3792,0.33908
3010,45,354953,43.0473,43.3943,0.34701
3029,92,508,43.3253,43.395,0.0697654
3015,108,164441,43.116,43.403,0.287082
3030,64,670,43.3619,43.4294,0.0674578
3012,63,345419,43.0927,43.4339,0.341184
3032,44,745,43.4183,43.4844,0.0660974
3034,69,424,43.4406,43.5067,0.0660961
3017,90,349022,43.1685,43.5092,0.340664
3019,35,344083,43.1766,43.5169,0.340272
3037,110,147,43.5282,43.5942,0.0660402
3033,7,40811,43.4201,43.6187,0.198583
3039,66,327,43.5696,43.6356,0.0660618
3009,51,344244,43.0411,43.6452,0.604071
3041,69,606,43.5919,43.658,0.0661227
3043,17,408,43.6198,43.6858,0.0660715
3031,108,232210,43.4083,43.6992,0.290959
3045,95,693,43.6599,43.726,0.0660953
3046,28,709,43.661,43.7271,0.066096
3048,21,640,43.6765,43.7426,0.0661026
3049,103,138,43.68,43.7461,0.0660528
3050,37,250,43.6831,43.7491,0.0660562
3035,88,226885,43.4627,43.7525,0.289841
3051,51,408,43.6987,43.7648,0.0660715
3052,81,607,43.7066,43.7728,0.0661146
3053,69,267,43.7351,43.8012,0.0660546
3054,45,634,43.7646,43.8307,0.066093
3020,34,210484,43.1839,43.8328,0.648861
3036,52,355156,43.5172,43.8528,0.335542
3056,105,518,43.7926,43.8587,0.0661017
3042,83,141982,43.6134,43.8588,0.24544
3057,72,623,43.799,43.8652,0.0661126
3058,28,2522,43.8027,43.869,0.0662884
3040,96,236446,43.5808,43.8728,0.292067
3059,102,710,43.808,43.8741,0.066096
3061,17,475,43.8392,43.9053,0.066107
3047,46,132104,43.6709,43.916,0.245141
3062,57,313,43.8503,43.9169,0.0665555
3044,34,163720,43.65,43.9371,0.28713
3038,99,642593,43.5298,43.953,0.423185
3064,17,233,43.9186,43.9846,0.0660505
3065,89,701,43.9437,44.0124,0.0686553
3066,106,1111,43.9489,44.015,0.0661142
3069,95,3803,43.9701,44.0364,0.0662327
3014,46,477721,43.0965,44.0623,0.965757
3072,68,320,44.0162,44.0823,0.066061
3075,110,389,44.0381,44.109,0.0708064
3076,87,731,44.0518,44.1179,0.0661132
3077,105,477,44.0534,44.1195,0.0660874
3078,105,788,44.0548,44.1209,0.0660991
3081,96,695,44.0656,44.1317,0.0660954
3060,37,345582,43.8103,44.1452,0.334831
3082,42,688,44.0873,44.1588,0.0714898
3083,67,624,44.0984,44.1668,0.0683972
3085,0,485,44.1111,44.1772,0.0660943
3055,1,496174,43.7657,44.2051,0.439357
3063,103,295007,43.8611,44.2079,0.346799
3086,83,696,44.142,44.2117,0.0696531
3088,96,500,44.1665,44.2326,0.0660826
3091,11,665,44.203,44.2714,0.0684344
3074,96,140691,44.025,44.2727,0.247718
3070,114,234053,43.9916,44.2878,0.296178
3090,27,7440,44.1988,44.3145,0.115702
3095,40,114,44.2442,44.316,0.0717085
3071,74,324573,44.009,44.3591,0.350131
3096,5,563,44.3158,44.3819,0.0661245
3073,69,360170,44.0222,44.4102,0.387986
3098,74,255,44.366,44.4321,0.0660532
3079,22,212078,44.0561,44.4371,0.381043
3068,6,711277,43.9629,44.4447,0.481784
3092,62,127921,44.2091,44.4567,0.247644
3089,114,315288,44.1706,44.5026,0.33208
3067,42,346258,43.9563,44.515,0.558629
3084,21,137789,44.1032,44.5385,0.435302
3104,0,747,44.4751,44.5416,0.066451
3093,4,409918,44.2359,44.5824,0.346438
3101,69,33199,44.4374,44.5927,0.155302
3111,84,744,44.6354,44.7023,0.0668658
3099,46,349249,44.3702,44.705,0.33479
3097,12,416364,44.3387,44.7165,0.377783
3114,85,1128,44.6775,44.7436,0.0661752
3115,60,624,44.6791,44.7456,0.0665699
3118,72,482,44.6975,44.7636,0.0660804
3105,113,311181,44.4782,44.8113,0.333067
3025,70,378470,43.2284,44.814,1.58559
3102,5,476126,44.4428,44.8237,0.38091
3103,69,487123,44.4561,44.8349,0.378766
3119,89,13531,44.7291,44.8403,0.111248
3120,74,10773,44.7338,44.8448,0.111036
3123,75,321,44.7809,44.8506,0.0696871
3100,30,719290,44.3961,44.8634,0.467343
3127,109,673,44.8172,44.8839,0.0666786
3128,79,694,44.8461,44.9139,0.0678018
3110,83,251967,44.6259,44.9217,0.295792
3107,39,340699,44.5938,44.9296,0.335838
3131,92,118,44.8679,44.9359,0.0679803
3106,68,593314,44.5111,44.9445,0.433392
3133,79,672,44.8806,44.9536,0.072968
3109,114,254893,44.6136,44.9577,0.344118
3116,47,217638,44.6791,44.9704,0.291354
3080,70,578281,44.057,44.9736,0.916528
3117,85,219274,44.6902,44.9868,0.296576
3087,105,340005,44.1567,44.9958,0.839041
3108,7,340372,44.6064,44.9962,0.38979
3139,63,4989,44.932,44.9988,0.0667775
3112,4,302336,44.6457,45.0238,0.378007
3143,70,483,44.9858,45.0577,0.0719002
3144,13,318,44.9922,45.0637,0.0714507
3113,18,346075,44.6496,45.0801,0.43045
3146,43,4669,45.0259,45.0967,0.0707664
3130,18,57434,44.8644,45.1172,0.25277
3149,26,752,45.0543,45.1204,0.0660977
3150,27,347,45.0551,45.1211,0.0660862
3134,27,102822,44.8823,45.1328,0.250498
3126,50,240596,44.8136,45.1571,0.343493
3154,50,479,45.1118,45.1779,0.06608
3155,41,714,45.1186,45.1895,0.0708737
3157,94,286,45.1263,45.1957,0.0694294
3132,93,345355,44.8725,45.2125,0.340026
3158,56,611,45.1668,45.2336,0.0667726
3161,7,459,45.1948,45.2611,0.0662875
3162,46,399,45.201,45.2692,0.0682075
3135,23,399599,44.8858,45.2767,0.390915
3159,101,9948,45.1668,45.2782,0.11135
3125,114,518003,44.8016,45.281,0.479428
3129,45,229800,44.8517,45.2901,0.438348
3164,56,4197,45.2201,45.291,0.0709276
3121,60,608303,44.7555,45.2913,0.535856
3152,43,69033,45.091,45.2973,0.206311
3148,63,77160,45.0483,45.3005,0.252138
3165,76,592,45.2688,45.3366,0.0678478
3147,97,182540,45.0445,45.3406,0.296077
3151,112,257022,45.0782,45.3807,0.302565
3166,7,10574,45.2698,45.382,0.112188
3160,109,65696,45.1881,45.3913,0.203265
3138,101,722951,44.9257,45.3936,0.467839
3136,14,644450,44.8858,45.4108,0.524973
3167,65,5492,45.3366,45.4469,0.110383
3153,24,391081,45.1111,45.4553,0.344206
3156,76,342465,45.1241,45.46,0.335918
3171,15,662,45.3944,45.4605,0.066114
3142,56,348096,44.9833,45.4664,0.483066
3137,38,318263,44.9146,45.4761,0.561562
3176,111,461,45.4366,45.5027,0.0660962
3178,77,737,45.4416,45.5077,0.0660971
3179,91,312,45.4639,45.53,0.0660875
3145,111,911873,45.0169,45.5323,0.515442
3168,40,23669,45.3775,45.5323,0.154787
3180,93,601,45.4692,45.5353,0.0660916
3182,48,454,45.4859,45.552,0.066077
3183,36,575,45.488,45.5541,0.0661141
3169,107,43486,45.3788,45.5775,0.198718
3163,89,538674,45.2028,45.5867,0.383902
3185,16,6929,45.5472,45.6595,0.112325
3187,95,700,45.5979,45.6643,0.066387
3170,7,262415,45.3792,45.6722,0.292919
3189,3,691,45.6102,45.6763,0.0660952
3172,53,224812,45.3992,45.6893,0.290181
3190,22,1067,45.6278,45.6939,0.0661103
3174,24,152548,45.4126,45.6999,0.287352
3191,31,605,45.6409,45.707,0.0661135
3175,97,255128,45.4201,45.7129,0.292834
3177,2,150766,45.4367,45.7232,0.28651
3173,85,346010,45.4107,45.7446,0.333889
3181,7,186035,45.4789,45.7669,0.288035
3186,47,56226,45.5757,45.775,0.199301
3193,46,496,45.7217,45.7879,0.0661281
3194,23,449,45.7291,45.7952,0.0660764
3184,13,176023,45.5096,45.7974,0.287733
3141,4,343644,44.9454,45.8245,0.879032
3195,88,675,45.783,45.8492,0.0661178
3196,4,593,45.8157,45.8817,0.0660913
3199,3,1365,45.8266,45.8927,0.0661873
3192,60,37046,45.6988,45.8974,0.198587
3200,55,628,45.8349,45.901,0.0660927
3188,69,344275,45.606,45.9395,0.333487
3201,13,7678,45.8456,45.956,0.110319
3203,84,455,45.9051,45.9712,0.0660772
3198,81,30640,45.8243,45.9792,0.154908
3204,10,382,45.917,45.983,0.0660807
3206,43,1475,45.9421,46.0083,0.0661288
3207,85,716,45.9507,46.0169,0.0661158
3210,97,1320,45.9861,46.0523,0.0661574
3208,89,7450,45.9618,46.072,0.110233
3211,59,610,46.0115,46.0776,0.066092
3212,53,737,46.0477,46.1138,0.0660971
3213,0,896,46.048,46.1141,0.0661034
3202,86,208355,45.847,46.1369,0.289906
3197,47,377097,45.8174,46.1522,0.334839
3215,88,1478,46.0964,46.1625,0.0661289
3216,40,738,46.1179,46.184,0.066104
3218,90,214,46.1283,46.1943,0.0660647
3209,24,138485,45.9734,46.2186,0.245262
3094,70,530220,44.2428,46.2294,1.98661
3222,103,361,46.1639,46.23,0.0660659
3223,35,700,46.1713,46.2374,0.0660956
3225,1,743,46.1998,46.2664,0.0665955
3205,72,339662,45.9339,46.268,0.334029
3217,67,28858,46.123,46.2778,0.154828
3228,76,4330,46.2222,46.2886,0.066387
3229,18,591,46.2308,46.2969,0.0660912
3230,20,243,46.246,46.312,0.0660517
3221,0,81328,46.1412,46.3839,0.242744
3214,50,343914,46.0604,46.3938,0.333393
3232,3,6177,46.2902,46.4004,0.110203
3233,65,454,46.3384,46.4045,0.066077
3227,105,40545,46.2147,46.4133,0.198571
3124,53,346193,44.7877,46.4187,1.631
3224,101,85520,46.1982,46.4416,0.243434
3219,91,291284,46.1323,46.4633,0.33107
3220,76,346134,46.1341,46.4724,0.338376
3235,106,8203,46.3606,46.4745,0.113827
3226,42,186158,46.2003,46.489,0.288682
3237,55,610,46.4575,46.5236,0.066092
3140,95,622472,44.9439,46.5747,1.63075
3239,2,7147,46.5004,46.6107,0.110221
3122,28,343110,44.7696,46.6144,1.84488
3234,33,233040,46.3385,46.6286,0.290103
3231,88,531175,46.2561,46.6364,0.380359
3252,113,630,46.685,46.7511,0.0661272
3236,92,349881,46.4463,46.7851,0.338825
3240,43,240401,46.502,46.7942,0.292142
3256,33,637,46.7584,46.8315,0.0730986
3251,15,16923,46.6678,46.8318,0.163978
3257,3,665,46.7653,46.8356,0.0702796
3238,67,462787,46.4641,46.842,0.377881
3241,84,347426,46.5193,46.8624,0.343081
3242,39,236314,46.5243,46.8678,0.343498
3249,19,57173,46.6211,46.87,0.248938
3243,114,240213,46.5313,46.872,0.34062
3245,18,231126,46.5384,46.8783,0.339829
3262,60,703,46.8254,46.8915,0.0660957
3246,113,343449,46.5626,46.898,0.335365
3248,18,158511,46.6109,46.9031,0.292201
3263,95,891,46.8379,46.9062,0.0682767
3244,95,346910,46.5346,46.9211,0.386487
3266,34,663,46.8707,46.9368,0.0660941
3255,94,140623,46.7077,46.9624,0.254695
3268,35,640,46.9095,46.9773,0.0677705
3253,41,238329,46.6948,46.9852,0.290341
3267,60,8650,46.8756,46.9863,0.110662
3259,111,136997,46.7717,47.0224,0.250696
3247,26,500975,46.5893,47.0251,0.435832
3254,80,331517,46.7039,47.0497,0.345722
3258,103,222532,46.7691,47.0645,0.295304
3250,62,585301,46.6557,47.0825,0.426815
3273,50,1036,47.0181,47.0847,0.0665383
3260,37,152350,46.7941,47.0919,0.297773
3272,2,7346,46.9832,47.0957,0.112492
3278,62,1240,47.0941,47.1603,0.0661194
3279,27,493,47.0973,47.1634,0.0660817
3264,11,318558,46.8384,47.1731,0.334646
3265,59,344259,46.8416,47.1817,0.340033
3261,60,458921,46.8121,47.1922,0.380141
3281,9,1063,47.1273,47.1937,0.0663594
3284,2,1093,47.1438,47.2099,0.0661135
3285,84,535,47.145,47.2111,0.0660868
3287,53,469,47.1803,47.2464,0.0661056
3282,108,10082,47.1361,47.2464,0.110372
3269,92,277161,46.96,47.255,0.294984
3270,75,343502,46.9631,47.2993,0.336282
3289,65,12045,47.193,47.3035,0.110436
3290,34,7950,47.2006,47.311,0.110355
3271,26,356506,46.9774,47.3146,0.337236
3294,108,101,47.2542,47.3203,0.06605
3296,34,370,47.26,47.3261,0.0661042
3276,90,101680,47.0831,47.3268,0.243734
3292,111,7226,47.2165,47.3269,0.110363
3297,72,273,47.2677,47.3362,0.0684809
3293,47,8069,47.2239,47.3371,0.113174
3301,83,719,47.2869,47.353,0.0660964
3302,30,670,47.3011,47.3684,0.0672418
3275,76,254121,47.0793,47.3713,0.291945
3304,89,750,47.347,47.4152,0.0682498
3277,68,294273,47.089,47.4205,0.331501
3283,15,189438,47.1404,47.4303,0.289932
3306,16,727,47.3826,47.4487,0.0661149
3307,40,439,47.3846,47.4507,0.0660896
3274,76,615336,47.0401,47.4658,0.425676
3308,81,480,47.4005,47.4666,0.0660802
3286,56,348042,47.1658,47.5029,0.337157
3310,43,1258,47.4478,47.5139,0.0661201
3288,34,328179,47.192,47.5282,0.33622
3280,60,620432,47.1187,47.544,0.425264
3295,46,199919,47.2557,47.55,0.294341
3309,94,8560,47.4387,47.5519,0.113185
3299,106,215733,47.2801,47.5697,0.289521
3291,5,457185,47.203,47.5801,0.377094
3312,7,6490,47.471,47.5813,0.110231
3298,2,318441,47.2677,47.6072,0.339509
3300,101,243209,47.2852,47.6249,0.339738
3316,42,723,47.5786,47.6447,0.0660965
3317,108,277,47.5832,47.6502,0.0669324
3305,9,214705,47.3587,47.6505,0.291859
3318,36,726,47.6113,47.6774,0.0660966
3303,75,437146,47.3256,47.7054,0.379857
3322,69,1103,47.6562,47.7223,0.0661139
3319,18,12332,47.6456,47.7567,0.111038
3321,42,9012,47.6538,47.7641,0.110302
3313,75,240098,47.4793,47.7715,0.292219
3327,41,759,47.7211,47.7872,0.0661385
3311,86,346799,47.4611,47.798,0.336949
3329,92,417,47.7382,47.8042,0.0660726
3330,15,843,47.7402,47.8063,0.0661013
3331,87,725,47.7607,47.8268,0.0660966
3314,9,344528,47.4981,47.8332,0.335135
3315,12,295195,47.5327,47.8642,0.33146
3323,40,44049,47.6854,47.8842,0.198765
3334,3,663,47.8219,47.888,0.0660941
3335,88,719,47.8243,47.8904,0.0660964
3325,68,44166,47.6992,47.8979,0.198731
3336,95,753,47.8403,47.9064,0.0660977
3337,41,5077,47.8444,47.9107,0.066288
3338,61,793,47.8513,47.9174,0.0660993
3333,93,7467,47.8095,47.9197,0.110246
3339,47,535,47.8648,47.9309,0.0661122
3320,85,231348,47.6488,47.9391,0.290267
3341,57,192,47.8971,47.9632,0.0660456
3343,108,655,47.8985,47.9646,0.0660938
3344,72,856,47.9053,47.9714,0.0661357
3328,22,134019,47.7276,47.9729,0.245345
3346,11,273,47.909,47.9751,0.0661077
3326,17,236452,47.7085,47.9987,0.290254
3324,35,323389,47.686,48.0189,0.332909
3348,19,727,47.9861,48.0522,0.0661169
3349,40,549,47.989,48.0551,0.0660896
3332,92,206022,47.7906,48.0796,0.288914
3351,91,599,48.0261,48.0922,0.0660916
3352,77,429,48.0298,48.0959,0.0661344
3342,28,66136,47.8972,48.097,0.199755
3353,89,624,48.0396,48.1057,0.0661024
3354,67,524,48.0457,48.1118,0.0660854
3355,78,195,48.048,48.1141,0.0660652
3340,35,110628,47.8705,48.1146,0.244084
3357,60,627,48.0581,48.1242,0.0660927
3347,2,91633,47.9405,48.1837,0.243197
3359,41,676,48.1556,48.2217,0.066127
3360,34,283,48.1606,48.2267,0.0660565
3361,69,1090,48.1647,48.2308,0.0661134
3363,30,639,48.1766,48.2427,0.0660932
3356,76,67601,48.0544,48.2542,0.199763
3366,64,133,48.1941,48.2602,0.0660385
3364,35,7393,48.183,48.2933,0.110304
3371,24,695,48.2299,48.296,0.0660954
3372,23,2142,48.233,48.2992,0.0661576
3373,111,1248,48.2404,48.3065,0.0661197
3374,48,274,48.2444,48.3105,0.0660693
3367,93,7320,48.219,48.3301,0.111134
3375,114,604,48.2696,48.3357,0.0660918
3350,113,345008,48.0227,48.3561,0.333406
3376,89,574,48.293,48.3591,0.0660906
3345,106,761413,47.9058,48.3742,0.468456
3377,10,628,48.3129,48.379,0.0660927
3358,52,208036,48.0935,48.3831,0.289624
3378,95,4994,48.3246,48.3909,0.0662846
3380,68,546,48.3546,48.4207,0.0660894
3381,80,100,48.3585,48.4246,0.0660702
3388,54,209,48.4286,48.4947,0.0660476
3362,55,346844,48.1703,48.5039,0.333578
3391,77,2289,48.4425,48.5087,0.0661656
3365,69,162804,48.1882,48.5288,0.340628
3393,55,2655,48.4652,48.5329,0.0677673
3395,40,1200,48.4875,48.5536,0.0661178
3369,38,350059,48.2276,48.5709,0.343285
3397,2,583,48.5157,48.5818,0.0660909
3368,20,298421,48.2248,48.5995,0.37465
3392,47,15637,48.4612,48.6197,0.158506
3401,48,317,48.5561,48.6267,0.0706505
3390,34,70542,48.4329,48.6329,0.199978
3400,91,6298,48.5448,48.6563,0.11151
3382,55,308690,48.3608,48.697,0.336187
3384,12,344542,48.3747,48.7186,0.343879
3383,30,144735,48.3625,48.7496,0.38713
3386,74,304136,48.419,48.7636,0.344601
3394,93,167086,48.4661,48.7641,0.297982
3407,54,1167,48.7232,48.7893,0.0661164
3408,12,1306,48.7263,48.7925,0.0662434
3410,23,793,48.7276,48.7944,0.066713
3402,103,93900,48.5843,48.8277,0.243387
3406,20,7426,48.7187,48.8293,0.110648
3411,114,193,48.7692,48.8352,0.0660457
3403,15,130256,48.5913,48.8416,0.250215
3413,105,631,48.7828,48.8489,0.0660928
3387,108,352383,48.4265,48.8548,0.428289
3399,55,355830,48.5406,48.8758,0.335174
3416,97,576,48.8098,48.876,0.0661973
3379,27,482830,48.3268,48.8868,0.559934
3419,11,844,48.8383,48.9045,0.066185
3420,14,4852,48.8614,48.9304,0.0690368
3421,39,632,48.8801,48.9465,0.0663795
3404,76,309364,48.6352,48.9727,0.337508
3409,103,105008,48.7266,48.9729,0.246279
3417,92,17869,48.8169,48.9749,0.157944
3422,12,4780,48.9082,48.9774,0.0692091
3389,96,609935,48.4288,48.9941,0.565268
3424,65,4637,48.9331,48.9994,0.0662705
3429,99,193,48.9841,49.0502,0.0660577
3430,22,2631,48.9928,49.0591,0.0662473
3431,108,772,48.9964,49.0625,0.0660985
3432,16,266,49.0076,49.0768,0.0692302
3415,80,183553,48.8054,49.0933,0.287927
3405,60,543970,48.6778,49.0968,0.419004
3435,96,853,49.0353,49.1015,0.0661238
3437,36,623,49.0449,49.111,0.0660925
3412,103,340791,48.7818,49.1159,0.334072
3414,23,343161,48.7915,49.1266,0.335012
3439,33,493,49.0649,49.1314,0.0665566
3441,36,175,49.0692,49.1352,0.0660436
3442,104,538,49.0698,49.1359,0.0660891
3443,60,221,49.0707,49.1368,0.0660594
3434,92,10655,49.032,49.1424,0.11038
3436,109,5383,49.0375,49.1476,0.110103
3418,49,328257,48.8281,49.1612,0.333122
3425,42,37175,48.9755,49.174,0.198423
3445,75,182,49.1323,49.1983,0.0660444
3446,66,396,49.1392,49.2053,0.0660701
3423,57,236779,48.9247,49.2162,0.291455
3426,106,118810,48.9759,49.221,0.245038
3447,11,283,49.1631,49.2298,0.0666389
3428,64,143713,48.978,49.2722,0.294261
3450,86,675,49.2199,49.286,0.0660946
3451,36,427,49.2272,49.2932,0.0660738
3438,33,133075,49.0544,49.3004,0.246048
3449,13,7424,49.1976,49.3078,0.110246
3427,32,346040,48.9772,49.3111,0.333854
3453,89,408,49.2467,49.3134,0.0667745
3433,2,220543,49.0225,49.3155,0.293006
3456,33,665,49.2876,49.3537,0.0660972
3454,79,9918,49.2606,49.3709,0.110342
3460,63,112,49.3359,49.402,0.066036
3444,30,249744,49.1173,49.4116,0.294303
3462,96,510,49.3608,49.4268,0.0660838
3463,80,601,49.3786,49.4447,0.0660916
3464,70,118,49.4022,49.4682,0.0660367
3448,56,255706,49.1962,49.4881,0.291857
3452,22,99239,49.2445,49.4889,0.244461
3455,27,96620,49.283,49.5274,0.244354
3466,27,389,49.4991,49.5652,0.0660952
3458,88,105391,49.3223,49.5661,0.243824
3467,6,691,49.5051,49.5722,0.0670963
3457,30,214763,49.2924,49.5817,0.289311
3440,1,218477,49.0686,49.5839,0.515307
3468,80,749,49.521,49.5871,0.0660976
3469,40,633,49.5641,49.6302,0.0660929
3471,80,1834,49.5897,49.6559,0.0662098
3398,46,534542,48.5225,49.6603,1.1378
3461,106,342855,49.3559,49.6892,0.333299
3459,26,514581,49.3253,49.7055,0.38027
3370,112,433204,48.2291,49.7059,1.4768
3475,40,249,49.6781,49.7441,0.0660609
3473,39,7239,49.6419,49.7521,0.110224
3476,37,116,49.7001,49.7661,0.0660365
3474,80,7403,49.658,49.7682,0.110231
3478,50,663,49.7473,49.8134,0.0661064
3479,32,299,49.7568,49.8229,0.0660584
3480,17,646,49.7569,49.823,0.0660934
3470,72,207351,49.5642,49.855,0.290839
3465,90,499469,49.4952,49.8742,0.378955
3484,42,502,49.818,49.8841,0.0660828
3485,47,649,49.828,49.8942,0.0661257
3472,43,191558,49.6067,49.895,0.28831
3488,46,151,49.8434,49.9094,0.0660407
3477,40,78200,49.7016,49.9442,0.242606
3489,65,592,49.8801,49.9463,0.0661638
3487,36,7278,49.8373,49.9475,0.110226
3492,107,390,49.9014,49.9683,0.0668613
3493,34,403,49.904,49.9701,0.0660709
3496,7,614,49.9529,50.019,0.0660922
3481,67,248998,49.7609,50.0526,0.291702
3483,71,100688,49.812,50.0575,0.245504
3482,75,275607,49.7674,50.0613,0.29387
3501,61,4566,50.0176,50.0838,0.0662654
3502,73,788,50.0254,50.0915,0.0661222
3498,113,12989,49.9894,50.1031,0.11363
3504,0,3503,50.0911,50.1574,0.0662185
3486,40,352994,49.8326,50.167,0.33442
3507,81,4618,50.1149,50.1813,0.0664858
3497,50,134714,49.9691,50.2161,0.246977
3490,49,349984,49.8913,50.2249,0.333614
3510,58,643,50.1642,50.2315,0.0672281
3491,53,396004,49.8961,50.2355,0.339406
3495,37,337420,49.9439,50.2794,0.335506
3512,40,579,50.2279,50.2989,0.0710303
3511,102,9476,50.2052,50.3155,0.110322
3499,70,301824,49.9939,50.3278,0.333915
3513,45,490,50.2641,50.3307,0.0665444
3500,111,240975,49.9999,50.3387,0.338862
3494,42,521867,49.9096,50.3417,0.432139
3514,52,823,50.2832,50.3504,0.0671772
3516,62,539,50.3311,50.4031,0.0720427
3518,66,148,50.3468,50.4128,0.0660403
3519,96,692,50.3476,50.4137,0.0660953
3503,53,307620,50.0589,50.4413,0.382445
3509,6,190364,50.1526,50.4435,0.290873
3506,67,243907,50.1095,50.448,0.338447
3525,64,608,50.4167,50.4832,0.0665636
3521,84,7303,50.3836,50.4938,0.110227
3527,59,783,50.4418,50.5079,0.0660989
3524,50,6147,50.4131,50.5233,0.110228
3529,75,696,50.4951,50.5611,0.0660954
3530,14,562,50.5012,50.5673,0.0661086
3508,0,612093,50.1454,50.5693,0.423871
3531,53,621,50.5078,50.5742,0.0663923
3534,18,111,50.5237,50.5898,0.0660598
3536,17,634,50.547,50.6131,0.0661159
3517,91,164047,50.3385,50.6257,0.287268
3533,24,7056,50.5212,50.6316,0.110358
3522,92,123508,50.3877,50.6326,0.244919
3515,28,345698,50.3233,50.6617,0.338392
3523,22,226073,50.3934,50.6848,0.29144
3520,75,345179,50.3645,50.6983,0.333799
3542,60,126,50.6494,50.7154,0.0660377
3526,68,266919,50.4353,50.7277,0.29245
3545,19,542,50.6754,50.7416,0.0661438
3532,18,80605,50.51,50.753,0.242991
3385,36,897701,48.4105,50.7855,2.37499
3549,20,712,50.7545,50.8207,0.0662643
3550,47,171,50.774,50.84,0.0660431
3551,79,122,50.7748,50.8409,0.0660372
3552,105,726,50.7793,50.8454,0.0661299
3537,43,229022,50.5634,50.8565,0.293038
3553,5,514,50.7916,50.8679,0.0762299
3543,103,54107,50.6738,50.8736,0.199765
3528,90,583189,50.4673,50.8879,0.420555
3541,15,153535,50.6092,50.9017,0.292518
3558,66,235,50.8411,50.9139,0.0727619
3535,72,343773,50.5315,50.9149,0.383385
3540,46,345926,50.6054,50.9389,0.333435
3538,24,335798,50.5659,50.9486,0.382721
3539,42,295289,50.5681,50.9544,0.386267
3560,94,137,50.8948,50.9621,0.0672646
3563,61,2322,50.9137,50.9799,0.066167
3559,76,7149,50.8921,51.0025,0.110435
3561,3,5486,50.8955,51.0094,0.113896
3544,96,346457,50.674,51.0117,0.337686
3548,55,225607,50.7268,51.0211,0.294255
3564,57,251,50.9704,51.0364,0.0660527
3565,41,611,50.979,51.0451,0.0661084
3547,110,345883,50.7243,51.0615,0.337177
3567,4,362,51.0255,51.0916,0.0661094
3554,18,215874,50.804,51.0972,0.293258
3556,70,194108,50.8053,51.1021,0.296794
3569,46,285,51.0555,51.1216,0.0660568
3555,66,296679,50.8051,51.147,0.341887
3557,47,344912,50.8349,51.1722,0.337322
3573,103,381,51.1579,51.224,0.0660683
3574,37,1249,51.1688,51.2349,0.0661197
3562,17,345292,50.8964,51.2415,0.345083
3571,9,6279,51.1332,51.2434,0.110182
3575,93,618,51.1846,51.2507,0.0660923
3576,102,695,51.2084,51.2745,0.0660954
3578,95,160,51.2232,51.2892,0.0660418
3579,26,216,51.2365,51.3026,0.0660485
3568,56,235851,51.0258,51.317,0.29117
3566,2,470928,50.9863,51.3705,0.384273
3585,89,527,51.3218,51.3879,0.0660858
3582,88,14518,51.3016,51.4121,0.110546
3570,21,161700,51.1294,51.4183,0.2889
3505,16,278178,50.092,51.4396,1.34765
3590,62,1035,51.4018,51.4688,0.0669974
3592,106,687,51.4361,51.5022,0.0661183
3572,82,457395,51.1362,51.5146,0.378358
3546,35,370667,50.7024,51.5313,0.828981
3577,76,345399,51.2091,51.5428,0.33365
3583,105,101262,51.3067,51.551,0.244375
3396,79,1374,48.4986,51.5648,3.06623
3595,96,2532,51.5035,51.5698,0.0663004
3581,51,262628,51.2857,51.5791,0.293357
3597,36,713,51.5137,51.5798,0.0660961
3587,62,107853,51.3498,51.5952,0.245367
3584,92,235045,51.3126,51.6029,0.290236
3588,17,79361,51.3635,51.6062,0.242659
3589,43,115488,51.3652,51.6095,0.244264
3580,42,389390,51.2803,51.6185,0.338249
3599,23,2610,51.5834,51.6495,0.0661785
3601,38,622,51.6082,51.6743,0.0661005
3586,90,347610,51.3478,51.6814,0.333609
3603,109,138,51.6304,51.6964,0.0660391
3591,76,194933,51.4158,51.7085,0.292617
3602,18,13357,51.6206,51.7311,0.110493
3593,46,270346,51.4597,51.7533,0.293617
3596,38,133516,51.5079,51.7568,0.248903
3594,42,347987,51.475,51.8088,0.333808
3598,36,156593,51.5481,51.8354,0.287303
3608,17,316,51.7767,51.8428,0.0660813
3610,37,167,51.8021,51.8681,0.0660426
3605,43,19832,51.7215,51.8768,0.155304
3612,22,459,51.8163,51.8824,0.0660776
3613,97,521,51.828,51.8941,0.0660851
3600,80,395606,51.5953,51.9347,0.339423
3617,84,771,51.8726,51.9387,0.0660984
3609,19,23788,51.8016,51.9562,0.154606
3616,113,8722,51.8527,51.966,0.113251
3604,23,349426,51.6312,51.9675,0.336281
3618,97,780,51.9115,51.9776,0.0661119
3619,18,324,51.9318,51.9979,0.0660614
3621,50,621,51.9465,52.0126,0.0660924
3622,56,223,51.9541,52.0201,0.0660493
3606,103,242779,51.7408,52.0344,0.293517
3623,34,608,51.9714,52.0374,0.0660919
3625,37,5633,51.9864,52.098,0.111591
3629,11,771,52.0319,52.1021,0.0702025
3607,77,389324,51.7642,52.1048,0.340641
3630,43,648,52.0447,52.1108,0.0660935
3626,85,7184,52.0114,52.1278,0.116397
3614,51,341940,51.8306,52.1651,0.33447
3615,112,346869,51.8308,52.1718,0.341026
3611,79,467034,51.8077,52.1853,0.377541
3631,21,1046,52.1193,52.1854,0.0661267
3636,94,479,52.1756,52.2417,0.06608
3637,10,470,52.1824,52.2485,0.066079
3633,110,7105,52.1465,52.2567,0.110219
3624,47,170066,51.9722,52.2626,0.29043
3639,93,928,52.1984,52.2659,0.0675646
3620,9,380150,51.9353,52.2742,0.338891
3640,85,880,52.2223,52.2884,0.0661028
3641,12,1259,52.2513,52.3183,0.0669952
3628,3,346073,52.0228,52.3594,0.336615
3632,3,100080,52.1356,52.3792,0.24357
3645,2,7093,52.281,52.3912,0.110219
3634,45,109430,52.1547,52.4003,0.245601
3635,80,247491,52.1628,52.4574,0.294604
3649,11,252,52.3947,52.4618,0.0671756
3651,30,292,52.4006,52.4667,0.0660576
3638,96,250772,52.1911,52.4828,0.291633
3648,20,7575,52.3857,52.499,0.113267
3652,60,531,52.4438,52.5099,0.0660863
3654,55,363,52.4534,52.5194,0.0660661
3627,28,806157,52.0162,52.5255,0.5093
3656,72,3301,52.4598,52.5265,0.0667673
3642,97,159632,52.2522,52.5395,0.287263
3658,110,666,52.4939,52.56,0.0660942
3643,26,349815,52.2601,52.5998,0.339671
3644,108,389269,52.2606,52.601,0.340373
3660,106,669,52.5728,52.6406,0.0677938
3661,56,142,52.5761,52.6423,0.0661729
3647,87,162392,52.3852,52.6734,0.288134
3646,63,347910,52.3428,52.6795,0.336712
3657,6,107578,52.4631,52.7078,0.244675
3662,86,9268,52.6064,52.7167,0.110314
3667,49,606,52.6576,52.7237,0.0660918
3668,114,330,52.6593,52.7254,0.0660622
3659,16,26283,52.5708,52.7277,0.156899
3669,34,284,52.6782,52.7449,0.0667408
3670,55,769,52.6875,52.7536,0.0660984
3671,102,458,52.6923,52.7584,0.0660775
3672,57,101,52.7095,52.7755,0.0660347
3673,78,655,52.7098,52.7759,0.0660938
3653,41,341246,52.4462,52.7822,0.336001
3655,22,352815,52.4559,52.7905,0.334609
3675,84,606,52.752,52.8181,0.0660918
3676,57,358,52.8225,52.8886,0.0661049
3678,93,656,52.8342,52.9003,0.0660938
3666,53,220508,52.6461,52.9357,0.289556
3663,41,340093,52.6136,52.9471,0.333442
3664,108,343671,52.6292,52.9628,0.333634
3680,25,475,52.9194,52.9855,0.0661037
3681,86,536,52.9194,52.9856,0.0661307
3682,27,193,52.9235,52.9897,0.0661906
3665,13,430363,52.6324,53.0088,0.376328
3684,46,211,52.9838,53.0499,0.0660479
3677,86,87352,52.8323,53.0758,0.24344
3674,10,349436,52.743,53.0783,0.335284
3686,41,445,53.0112,53.079,0.0677847
3688,18,198,53.0186,53.0847,0.0660463
3690,0,325,53.0541,53.1202,0.066083
3694,13,63,53.0862,53.1522,0.0660301
3695,67,284,53.091,53.157,0.0660657
3696,84,418,53.1,53.1661,0.0660727
3650,76,341404,52.3998,53.1773,0.777483
3698,96,476,53.1253,53.194,0.068657
3699,11,660,53.1316,53.1977,0.066094
3700,15,1939,53.1452,53.2113,0.0661495
3701,85,551,53.1516,53.2177,0.0660896
3706,102,448,53.1961,53.2622,0.0660763
3692,61,43709,53.0685,53.2677,0.199112
3707,50,566,53.2033,53.2694,0.0660902
3679,49,467000,52.9131,53.292,0.378821
3708,10,213,53.2299,53.2959,0.0660481
3709,112,739,53.236,53.3021,0.0661326
3685,69,349924,52.9921,53.3272,0.335156
3687,74,341622,53.0123,53.3511,0.338769
3691,40,220466,53.0675,53.3575,0.289975
3683,80,528671,52.9475,53.3777,0.430217
3689,16,295736,53.0535,53.3863,0.332819
3713,100,552,53.3282,53.3971,0.0688928
3693,50,347314,53.0712,53.4047,0.333497
3714,26,662,53.3411,53.409,0.0678125
3715,45,1371,53.357,53.4231,0.0661246
3716,58,731,53.3573,53.4234,0.0660968
3719,0,682,53.367,53.4331,0.0660949
3697,104,283367,53.1039,53.4368,0.332865
3710,10,144916,53.2461,53.4916,0.245579
3720,109,766,53.4262,53.4923,0.0660982
3702,39,348697,53.1627,53.4963,0.333559
3703,16,313322,53.1699,53.5089,0.338999
3704,79,349529,53.1816,53.5174,0.335799
3721,88,5157,53.4896,53.5559,0.0662912
3705,109,409220,53.1859,53.5722,0.38632
3722,41,658,53.5204,53.5865,0.0660939
3711,26,295190,53.2566,53.5879,0.331301
3712,94,150927,53.327,53.6165,0.289524
3724,43,633,53.5788,53.6449,0.0661233
3725,26,499,53.5842,53.6543,0.0700631
3726,113,365,53.6198,53.6859,0.0660664
3717,96,284257,53.3576,53.6883,0.330717
3718,86,250633,53.3587,53.698,0.339258
3727,50,655,53.674,53.74,0.0660938
3728,70,777,53.6849,53.751,0.0660987
3723,10,39143,53.5674,53.7659,0.19851
3730,46,615,53.7235,53.7896,0.0660922
3731,71,498,53.73,53.796,0.0660823
3734,18,667,53.8192,53.8853,0.0660943
3736,111,792,53.8264,53.8925,0.0660993
3737,62,685,53.8291,53.8952,0.066095
3739,44,776,53.9008,53.9669,0.0660986
3741,72,393,53.939,54.005,0.0660697
3743,33,387,53.9474,54.0135,0.066069
3729,110,288004,53.698,54.0303,0.33226
3733,50,170810,53.7788,54.0663,0.287551
3732,105,314400,53.737,54.0701,0.333121
3744,87,105,54.0084,54.0746,0.066243
3742,110,19752,53.944,54.0984,0.154427
3745,21,1404,54.0341,54.1002,0.0661259
3738,40,233637,53.8362,54.1263,0.290129
3735,43,313717,53.8196,54.1518,0.332173
3747,51,578,54.0956,54.1617,0.0660907
3740,80,94513,53.9385,54.1818,0.243326
3749,57,693,54.1413,54.2074,0.0660953
3750,41,10194,54.144,54.2543,0.110356
3753,87,516,54.2308,54.2968,0.0660845
3754,8,1212,54.2346,54.3007,0.0661182
3755,106,4144,54.2506,54.3168,0.0662463
3746,84,213831,54.0398,54.329,0.289259
3757,91,147,54.2929,54.3589,0.0660402
3759,13,628,54.3377,54.4038,0.0660927
3748,79,318114,54.1215,54.4537,0.332206
3762,5,170,54.3959,54.4619,0.066043
3763,59,300,54.412,54.478,0.0660586
3765,69,4394,54.4384,54.5048,0.0664462
3752,6,231369,54.2266,54.5177,0.291101
3751,76,349539,54.2208,54.5553,0.334495
3767,66,5777,54.4502,54.5612,0.111009
3764,85,15406,54.4153,54.5696,0.154225
3768,56,723,54.5255,54.5916,0.0660965
3769,26,547,54.5261,54.5922,0.0660895
3771,107,5199,54.5354,54.6019,0.0665179
3758,45,347111,54.306,54.6412,0.335185
3770,68,10611,54.5318,54.6434,0.11157
3773,15,1270,54.5856,54.6517,0.0661206
3760,47,390086,54.3438,54.6795,0.335645
3777,92,225,54.6174,54.6838,0.0664392
3761,11,311816,54.3582,54.6902,0.331939
3778,48,614,54.6334,54.6995,0.0660922
3774,108,5402,54.5921,54.7022,0.110105
3779,108,4371,54.6412,54.7075,0.0662576
3780,5,633,54.6427,54.7088,0.0660929
3756,65,586227,54.2916,54.7123,0.42067
3781,77,894,54.6609,54.727,0.0661442
3766,79,275558,54.4403,54.7324,0.292095
3782,38,651,54.681,54.7471,0.0660936
3784,15,1153,54.7009,54.767,0.0661159
3786,111,1289,54.7277,54.7938,0.0661213
3775,42,109979,54.6043,54.8483,0.24404
3772,76,343494,54.5616,54.8953,0.333621
3791,20,621,54.8476,54.9137,0.0660924
3776,10,345224,54.6128,54.9463,0.333519
3796,0,523,54.8892,54.9553,0.0660853
3801,10,613,54.9082,54.9743,0.0660921
3789,101,23806,54.8322,54.9868,0.154606
3804,62,161,54.9321,54.9981,0.0660419
3798,103,13325,54.891,55.0015,0.110492
3802,7,7157,54.9084,55.0186,0.110221
3783,75,372333,54.6893,55.0272,0.337865
3803,32,13513,54.9256,55.0361,0.110501
3785,78,323996,54.7175,55.0575,0.339938
3805,72,382,54.9895,55.0589,0.0693787
3806,77,3257,55.0072,55.0734,0.0662087
3808,49,259,55.0367,55.1027,0.06606
3788,21,349156,54.7774,55.1119,0.334556
3795,86,108191,54.88,55.124,0.243954
3787,113,344554,54.7618,55.1464,0.384584
3799,78,84385,54.9032,55.1504,0.247171
3810,81,5814,55.0559,55.166,0.110154
3797,0,163106,54.8893,55.1765,0.287206
3817,19,260,55.1193,55.19,0.070693
3794,97,384588,54.8559,55.1978,0.341943
3813,92,6334,55.093,55.2032,0.110184
3815,76,5423,55.1143,55.228,0.113648
3816,8,9859,55.1187,55.236,0.117279
3819,74,704,55.1719,55.2443,0.0724242
3820,93,720,55.1802,55.2473,0.0670818
3822,12,562,55.1922,55.2584,0.0661311
3823,0,679,55.2041,55.2702,0.0660948
3792,33,432114,54.848,55.2889,0.440862
3825,76,624,55.2159,55.2892,0.0732252
3790,12,747355,54.8454,55.3258,0.480409
3800,68,334424,54.9079,55.3333,0.425418
3814,21,100470,55.0987,55.3435,0.244801
3809,5,216919,55.0535,55.3442,0.290609
3821,48,30443,55.188,55.3449,0.156913
3832,33,211,55.2942,55.3602,0.0660479
3830,50,7355,55.2733,55.3848,0.111576
3831,62,6276,55.2787,55.3896,0.110902
3811,109,348952,55.0592,55.3928,0.333612
3835,109,160,55.332,55.398,0.0660418
3812,5,303506,55.0921,55.4249,0.332769
3827,93,65429,55.254,55.4539,0.199901
3837,46,566,55.4082,55.4745,0.0662754
3836,105,7345,55.3653,55.4755,0.110229
3838,14,774,55.4228,55.4889,0.0660986
3839,91,248,55.4289,55.495,0.0660523
3807,26,277794,55.0354,55.5117,0.476259
3842,46,644,55.4629,55.529,0.0660934
3828,90,212740,55.2628,55.5534,0.290604
3840,69,12625,55.4447,55.5631,0.118427
3826,68,235993,55.2259,55.5676,0.341743
3844,114,670,55.5284,55.5947,0.0662638
3829,19,348633,55.2631,55.5996,0.336537
3824,55,346009,55.2145,55.6058,0.391248
3846,46,438,55.5399,55.6076,0.0677265
3847,38,1528,55.5427,55.6089,0.0661416
3848,51,699,55.5442,55.6105,0.066304
3833,41,347616,55.2974,55.631,0.333509
3851,89,232,55.5766,55.6427,0.0660642
3854,57,2552,55.6504,55.7166,0.0661762
3855,106,891,55.6664,55.7326,0.0661697
3843,78,111067,55.4893,55.7381,0.248764
3841,47,267461,55.4619,55.7535,0.291622
3856,16,346,55.6992,55.7655,0.0663712
3857,58,905,55.7772,55.8433,0.0661038
3845,6,383071,55.5316,55.8728,0.341154
3860,36,1901,55.8176,55.8838,0.066148
3852,19,225326,55.6097,55.9008,0.291122
3849,51,349180,55.5662,55.9026,0.336427
3850,27,341228,55.5755,55.9095,0.333997
3834,67,510295,55.3166,55.922,0.605371
3864,6,744,55.8791,55.9458,0.0666592
3861,17,30961,55.8181,55.9732,0.155104
3866,19,253,55.9085,55.9745,0.0660529
3853,24,345567,55.6453,55.9788,0.333418
3868,85,249,55.9178,55.9838,0.0660524
3869,50,399,55.9276,55.9937,0.0660916
3871,74,1219,55.95,56.0161,0.0661677
3818,13,239997,55.1235,56.0467,0.923121
3872,107,1083,55.9811,56.0473,0.0661488
3862,63,86246,55.8186,56.0623,0.243684
3875,71,676,56.0111,56.0772,0.0660946
3877,78,1430,56.0262,56.0925,0.0662927
3878,103,718,56.0311,56.0972,0.0661209
3858,71,344222,55.8018,56.1414,0.33957
3879,68,135,56.0884,56.1545,0.066055
3880,60,131,56.0979,56.1657,0.0678281
3859,26,434061,55.8173,56.1929,0.375637
3883,19,338,56.1493,56.2154,0.0660631
3873,85,102272,56.0003,56.2441,0.243737
3793,87,424348,54.8511,56.2588,1.40769
3870,61,296916,55.9338,56.2651,0.331267
3865,62,345433,55.8925,56.2748,0.382296
3888,60,4650,56.212,56.2783,0.0662687
3886,92,5406,56.1824,56.2959,0.113519
3889,70,751,56.2298,56.2965,0.0667101
3887,46,9888,56.1865,56.3032,0.116691
3890,75,1394,56.2402,56.3098,0.0695822
3891,3,698,56.241,56.3099,0.0689039
3893,89,664,56.2569,56.323,0.0660942
3874,27,344058,56.0015,56.3352,0.333654
3867,78,475628,55.9143,56.3515,0.437185
3898,36,559,56.3548,56.4209,0.06609
3881,27,221560,56.1339,56.4267,0.292861
3863,18,844848,55.8694,56.4514,0.581961
3882,26,311258,56.1487,56.485,0.336284
3904,27,1051,56.4208,56.4869,0.066161
3885,48,160903,56.1567,56.4918,0.335126
3906,3,614,56.4407,56.5084,0.0676584
3895,55,148963,56.2849,56.5384,0.253538
3909,40,221,56.4888,56.5597,0.0708308
3910,28,752,56.4907,56.561,0.0703298
3911,104,439,56.4972,56.564,0.066785
3876,84,737855,56.0246,56.5828,0.558164
3892,29,349860,56.2555,56.599,0.343569
3894,52,344325,56.2612,56.6024,0.341159
3899,39,109569,56.355,56.6032,0.248231
3896,41,103894,56.3124,56.6048,0.292462
3914,69,512,56.539,56.6079,0.0689252
3916,54,1233,56.5532,56.6193,0.0661296
3917,2,772,56.5758,56.6419,0.0660985
3900,51,166933,56.3618,56.652,0.290241
3920,76,410,56.6125,56.6788,0.0662722
3901,2,347877,56.3713,56.7074,0.336119
3905,81,235545,56.4279,56.7211,0.293136
3922,110,1070,56.6636,56.7297,0.0661104
3903,76,345565,56.404,56.7418,0.337831
3907,72,212201,56.451,56.745,0.294029
3913,40,97041,56.5352,56.7824,0.247227
3918,69,61027,56.5907,56.7945,0.203778
3923,0,6357,56.6883,56.7985,0.110185
3926,26,585,56.7351,56.8012,0.066091
3902,22,611567,56.3849,56.8158,0.430943
3915,14,234373,56.5449,56.8378,0.292864
3912,101,341947,56.517,56.8519,0.334883
3884,10,344031,56.1498,56.8857,0.735886
3919,40,213365,56.6099,56.9005,0.290675
3933,88,695,56.8542,56.9203,0.0661242
3935,10,741,56.8652,56.9317,0.0665098
3938,13,701,56.9021,56.9682,0.0660956
3921,42,353507,56.642,56.9761,0.33417
3924,110,155717,56.7139,57.0006,0.286699
3941,97,648,56.9367,57.003,0.0663318
3925,27,222220,56.7213,57.0109,0.289643
3942,4,592,56.9514,57.0176,0.0662719
3943,49,675,56.9528,57.0191,0.0662868
3940,107,7237,56.9179,57.0292,0.111222
3927,87,264754,56.7384,57.0308,0.292399
3929,2,75655,56.7942,57.0369,0.242616
3928,33,101300,56.7925,57.0375,0.244999
3944,8,7453,56.9542,57.0644,0.110233
3945,68,8094,56.9606,57.0721,0.111518
3948,73,565,57.0185,57.0847,0.0661189
3930,23,235683,56.7966,57.0878,0.291157
3949,20,700,57.0387,57.1049,0.066119
3936,4,100096,56.8687,57.1135,0.244848
3952,52,1088,57.0582,57.1243,0.0661133
3934,60,162432,56.8623,57.1493,0.287006
3950,70,7477,57.0392,57.1496,0.110341
3954,14,776,57.0871,57.1532,0.0660986
3931,77,341565,56.8234,57.1581,0.334712
3932,61,354912,56.8522,57.1878,0.335575
3955,19,157,57.1278,57.1939,0.0660414
3956,6,683,57.1327,57.1988,0.0660956
3939,113,180465,56.9147,57.2054,0.290717
3957,62,421,57.1468,57.2129,0.0660988
3937,40,347367,56.8905,57.224,0.333518
3959,36,795,57.1793,57.2454,0.0660994
3946,34,168227,56.9679,57.2552,0.287249
3960,6,1287,57.1925,57.2586,0.0661212
3962,75,1621,57.223,57.2891,0.0661368
3964,23,431,57.2707,57.3368,0.0660743
3965,15,1394,57.2795,57.3456,0.0661255
3958,56,69939,57.1677,57.3691,0.201412
3951,85,300366,57.0504,57.3842,0.333773
3969,3,4840,57.3228,57.3894,0.066622
3947,79,588554,56.9832,57.4039,0.420781
3953,93,343001,57.0758,57.4116,0.3358
3971,50,445,57.3943,57.4604,0.0661209
3976,18,614,57.4724,57.5385,0.0660922
3961,99,292077,57.216,57.5481,0.332101
3963,22,203996,57.2692,57.5582,0.289052
3977,43,604,57.4951,57.5612,0.0660919
3978,2,2677,57.4959,57.562,0.0661812
3979,0,655,57.5041,57.5724,0.0683004
3980,17,595,57.5188,57.5881,0.0692542
3981,51,736,57.5234,57.5895,0.066097
3982,53,673,57.5453,57.6114,0.0660945
3966,27,354024,57.2813,57.6166,0.335314
3983,51,1659,57.5498,57.6183,0.0684911
3967,6,267146,57.283,57.623,0.340009
3984,75,693,57.5955,57.6616,0.0660953
3986,57,138,57.6005,57.6666,0.0661019
3987,79,313,57.6119,57.6787,0.0667688
3975,55,136051,57.4453,57.6932,0.247912
3989,0,570,57.6352,57.7013,0.0660904
3968,94,345389,57.2879,57.7163,0.428459
3991,10,611,57.6487,57.7166,0.067951
3974,10,274308,57.4329,57.7266,0.293695
3972,11,340200,57.3993,57.7332,0.333889
3990,36,7232,57.6431,57.7533,0.110224
3970,71,436137,57.3312,57.7616,0.430352
3995,103,638,57.7161,57.7822,0.0660931
3997,18,466,57.7514,57.8175,0.0660785
3994,103,6163,57.7108,57.821,0.110177
3998,94,1338,57.7859,57.852,0.0661233
4001,64,1197,57.7953,57.8614,0.0661176
4004,42,376,57.8297,57.8958,0.0660677
3988,72,313912,57.6322,57.9654,0.333227
4006,60,662,57.9071,57.9796,0.0724881
3985,77,403934,57.5958,57.9827,0.386891
3996,60,231432,57.7212,58.0112,0.290045
4007,84,654,57.9456,58.0117,0.0660938
3992,1,344540,57.6825,58.0174,0.334914
3993,11,319194,57.6842,58.0274,0.343187
4008,6,1382,57.9617,58.0278,0.066125
3999,44,113341,57.787,58.0318,0.244765
4009,77,672,57.9822,58.0489,0.066654
3973,41,217755,57.4266,58.0747,0.648128
4002,6,233241,57.7978,58.0882,0.290354
4003,94,249888,57.8026,58.0941,0.291414
4000,93,400124,57.7897,58.1256,0.335832
4005,16,176994,57.8741,58.1618,0.287636
4014,14,236,58.1306,58.1966,0.0660509
4015,50,448,58.1577,58.2237,0.0660763
4016,0,441,58.1722,58.2382,0.0660755
3897,92,340298,56.3367,58.2693,1.93261
4020,72,759,58.2089,58.2749,0.066098
4021,39,536,58.2123,58.2783,0.0660869
4022,49,734,58.2257,58.2926,0.0669018
4011,23,105556,58.0654,58.3106,0.245265
3908,79,385030,56.4852,58.3338,1.84861
4023,50,7339,58.2423,58.3542,0.111824
4010,66,391906,58.0215,58.3584,0.336967
4025,111,767,58.291,58.3586,0.0675618
4012,65,186647,58.0719,58.3609,0.288984
4026,14,710,58.3175,58.3853,0.0678086
4027,23,400,58.3318,58.3979,0.0660706
4028,103,584,58.3323,58.3984,0.066091
4013,101,334484,58.0921,58.4268,0.334659
4018,64,130616,58.1813,58.4276,0.246323
4017,38,245783,58.1755,58.4666,0.291089
4031,79,12529,58.4077,58.5181,0.110458
4032,114,998,58.4675,58.5336,0.0661075
4024,61,265847,58.252,58.5473,0.295274
4033,42,640,58.4962,58.5623,0.0660932
4037,37,785,58.5332,58.5993,0.0661234
4030,90,135990,58.3758,58.6209,0.245151
4019,75,581137,58.2062,58.6274,0.42124
4036,70,11752,58.5276,58.638,0.110422
4029,17,205459,58.3536,58.6425,0.288923
4041,18,139,58.5942,58.6602,0.0660392
4042,46,134,58.6138,58.6799,0.0660386
4035,102,54913,58.5211,58.7228,0.201767
4044,84,434,58.66,58.7261,0.0660764
4045,38,151,58.6738,58.7398,0.0660407
4046,13,625,58.6752,58.7414,0.0662604
4048,51,595,58.6799,58.746,0.066121
4050,28,373,58.7144,58.7805,0.0660673
4038,19,106866,58.5457,58.7897,0.243975
4039,84,77852,58.5671,58.8098,0.242687
4049,50,19008,58.6856,58.8408,0.155228
4055,87,690,58.8198,58.8903,0.0704685
4040,108,372049,58.5861,58.9262,0.340083
4057,66,692,58.8797,58.9458,0.0660953
4058,86,233,58.8948,58.961,0.0661586
4059,19,553,58.9019,58.9703,0.0683946
4060,62,2654,58.9192,58.9853,0.0661802
4061,106,347,58.9372,59.0033,0.0660642
4047,0,170053,58.6776,59.0166,0.339048
4034,19,711476,58.5018,59.0246,0.522767
4063,94,639,58.9882,59.0543,0.0661181
4052,96,343493,58.7514,59.0848,0.333327
4064,3,696,59.0188,59.0849,0.066099
4067,78,261,59.0407,59.1068,0.0660686
4053,10,342579,58.771,59.11,0.338998
4054,4,243285,58.8171,59.1174,0.300335
4068,42,247,59.0662,59.1322,0.0660522
4070,84,211,59.087,59.1532,0.0661796
4056,1,340154,58.8219,59.1683,0.346373
4071,86,707,59.1068,59.1729,0.0660959
4043,14,967663,58.63,59.183,0.553048
4073,85,636,59.1509,59.217,0.066093
4069,89,33928,59.0869,59.2423,0.15537
4062,63,396879,58.976,59.3175,0.341451
4079,5,182,59.2744,59.3404,0.0660444
4080,92,869,59.2945,59.3624,0.067899
4083,84,553,59.3262,59.3923,0.0660897
4066,46,316851,59.0344,59.4199,0.385415
4084,75,751,59.349,59.4225,0.0734832
4072,30,349193,59.1194,59.4614,0.342023
4086,106,661,59.3943,59.4665,0.0721886
4077,56,264832,59.1863,59.4781,0.291749
4065,70,674663,59.0213,59.4844,0.463142
4087,103,6564,59.3972,59.5134,0.116187
4088,57,5974,59.4076,59.5178,0.110195
4089,110,517,59.4535,59.5199,0.0663259
4090,25,4573,59.4538,59.5203,0.0665169
4093,44,1193,59.4642,59.5303,0.0661175
4074,50,448792,59.1609,59.5399,0.379026
4094,36,1227,59.4926,59.5588,0.0661188
4095,41,657,59.5016,59.5684,0.0667853
4092,80,8211,59.4605,59.5707,0.110268
4075,53,343107,59.1656,59.593,0.427375
4096,96,763,59.5455,59.6129,0.0673875
4076,36,321691,59.1673,59.6406,0.473239
4100,0,401,59.5789,59.645,0.0661216
4082,63,346798,59.3241,59.6593,0.335175
4102,113,514,59.6005,59.6666,0.0661121
4103,27,638,59.6067,59.6728,0.0660931
4098,26,7608,59.5661,59.6764,0.110241
4078,34,345098,59.2128,59.6861,0.473274
4104,34,652,59.6223,59.6884,0.0661643
4085,21,346983,59.3749,59.7084,0.333502
4107,41,658,59.6682,59.7343,0.0660939
4091,35,166657,59.4569,59.7442,0.287252
4109,106,646,59.6887,59.7547,0.0660934
4111,16,246,59.7012,59.7673,0.0660521
4114,14,601,59.7508,59.8169,0.0660916
4099,77,222745,59.5773,59.8677,0.290365
4097,22,312527,59.5608,59.8955,0.334698
4117,112,1031,59.8404,59.9065,0.0661088
4101,88,349300,59.5803,59.9149,0.334598
4118,96,229,59.8596,59.9257,0.0660528
4120,38,593,59.8635,59.9296,0.0660913
4105,68,194243,59.6434,59.9321,0.28864
4122,77,243,59.8803,59.9481,0.0678402
4112,108,140813,59.7012,59.9484,0.247157
4108,68,217129,59.681,59.9709,0.289831
4106,9,328913,59.6484,59.9819,0.333515
4123,66,841,59.9379,60.004,0.0661012
4124,101,1227,59.9451,60.0113,0.0661574
4125,6,4896,59.9562,60.0224,0.0662807
4113,111,407478,59.7194,60.0556,0.336173
4127,73,612,60.0039,60.07,0.0661048
4128,53,686,60.0097,60.0766,0.0669648
4110,40,485120,59.6974,60.0799,0.382436
4131,75,560,60.0403,60.1064,0.06609
4115,33,237558,59.8247,60.1151,0.29036
4116,57,199476,59.8309,60.122,0.29116
4129,14,5817,60.0244,60.1345,0.110155
4130,39,10360,60.0306,60.1409,0.110374
4133,22,272,60.0972,60.1632,0.066064
4119,60,283567,59.8598,60.1905,0.330713
4121,114,343037,59.8643,60.1989,0.334542
4134,114,639,60.1401,60.2062,0.0661312
4126,50,96583,59.9635,60.2069,0.243487
4135,67,845,60.1446,60.2107,0.0661014
4138,76,365,60.1864,60.2525,0.0660664
4139,42,762,60.1969,60.263,0.0660981
4051,6,605349,58.7278,60.3065,1.57864
4141,41,427,60.2726,60.3387,0.0661015
4142,47,616,60.2876,60.3536,0.0660922
4132,55,339071,60.0493,60.3825,0.333132
4137,88,124911,60.1672,60.4119,0.244665
4146,51,652,60.3458,60.4119,0.0660937
4147,23,357,60.3532,60.4192,0.0660654
4148,4,1314,60.3622,60.4283,0.0661223
4136,104,183908,60.1629,60.4527,0.289797
4149,39,556,60.386,60.4536,0.0675907
4152,6,802,60.4061,60.4722,0.0660997
4140,35,206461,60.2046,60.4952,0.290633
4154,1,387,60.428,60.4956,0.0676009
4157,77,417,60.4556,60.5217,0.0660726
4159,83,746,60.4689,60.535,0.0660974
4155,24,13352,60.4287,60.5413,0.112561
4144,108,117151,60.2973,60.5433,0.245945
4156,50,10518,60.4369,60.5473,0.110368
4162,92,986,60.4993,60.5654,0.066107
4163,3,667,60.5028,60.5689,0.0660943
4158,77,7181,60.463,60.5733,0.110222
4164,22,577,60.508,60.5741,0.0660907
4166,46,411,60.5131,60.5801,0.0669886
4150,11,69834,60.3903,60.5901,0.199861
4081,58,342412,59.2982,60.6098,1.31155
4170,96,142,60.5493,60.6154,0.0660396
4145,43,175537,60.3345,60.6223,0.287798
4171,103,882,60.5635,60.6315,0.0680122
4151,95,97434,60.4052,60.6487,0.243453
4172,31,488,60.5944,60.6604,0.0660811
4153,20,145348,60.4239,60.6702,0.246324
4143,33,502684,60.2927,60.6736,0.380895
4173,17,481,60.6212,60.6873,0.0661055
4174,96,766,60.6297,60.6958,0.0660988
4175,51,661,60.6297,60.6958,0.0661076
4160,90,107618,60.4755,60.7212,0.245671
4177,2,3440,60.6807,60.7471,0.0663718
4161,16,214587,60.4882,60.7774,0.289291
4169,85,142098,60.5481,60.7951,0.247044
4179,88,648,60.7318,60.7979,0.0661347
4165,6,228784,60.5106,60.8005,0.289948
4181,0,651,60.7624,60.8285,0.0660936
4168,104,228015,60.5463,60.8362,0.289882
4167,34,332387,60.5175,60.8523,0.334851
4183,113,665,60.8072,60.8733,0.0660942
4186,92,227,60.8216,60.8876,0.0660498
4190,80,4627,60.9101,60.9778,0.0677457
4176,103,344476,60.6568,60.9915,0.334708
4191,97,367,60.928,60.9948,0.0667398
4178,71,302726,60.6864,61.0179,0.331525
4192,43,627,60.9658,61.0319,0.0661048
4184,109,93212,60.8073,61.0505,0.243267
4194,10,747,60.9862,61.0523,0.0660975
4180,40,344891,60.7471,61.081,0.333848
4197,103,406,61.0207,61.0868,0.0660713
4182,41,181633,60.8005,61.0883,0.287839
4198,62,400,61.0372,61.104,0.0667403
4199,42,1087,61.0438,61.1099,0.0661784
4187,39,198521,60.829,61.1176,0.288596
4201,18,766,61.0731,61.1392,0.0660982
4200,3,8341,61.0461,61.1583,0.112221
4202,16,4412,61.1028,61.1693,0.0664455
4203,43,480,61.1083,61.1744,0.0660802
4205,42,698,61.1128,61.1789,0.0660955
4188,79,277857,60.8589,61.1982,0.339328
4185,106,349088,60.8208,61.2,0.3792
4207,15,394,61.1357,61.2023,0.0666144
4206,21,7259,61.1136,61.2238,0.110225
4189,74,343927,60.9045,61.2379,0.333382
4196,77,105088,61.0094,61.2532,0.243892
4209,16,6210,61.1461,61.2564,0.110319
4193,87,158628,60.9689,61.2567,0.287831
4195,86,195511,60.9948,61.2881,0.293304
4214,34,385,61.2275,61.2936,0.0660688
4215,88,207,61.2302,61.2963,0.0660653
4217,84,3114,61.2604,61.3266,0.0662008
4219,36,3592,61.292,61.3583,0.0663333
4210,39,43716,61.1672,61.3659,0.19871
4218,68,7150,61.2865,61.3968,0.110376
4221,107,6945,61.3238,61.436,0.112189
4211,65,146136,61.1901,61.4394,0.249252
4204,23,349895,61.1095,61.4452,0.335688
4225,7,884,61.3797,61.4459,0.0662038
4227,39,404,61.3919,61.458,0.066071
4208,41,390816,61.1428,61.4799,0.337069
4229,10,587,61.4312,61.4973,0.0660911
4213,16,180870,61.2171,61.5049,0.287807
4212,76,238453,61.1923,61.5256,0.333304
4216,91,269034,61.2476,61.5417,0.294151
4222,20,60707,61.3253,61.5726,0.24732
4224,109,119231,61.3775,61.6236,0.246064
4226,25,109268,61.3816,61.6257,0.24417
4236,97,149,61.5734,61.6395,0.0660404
4223,63,205743,61.3552,61.6441,0.288901
4220,60,484167,61.2952,61.6747,0.379546
4228,114,153723,61.4021,61.6887,0.28663
4243,15,225,61.6643,61.7303,0.0660496
4245,7,812,61.6735,61.7396,0.0661001
4241,7,6579,61.6486,61.7632,0.114667
4234,105,88847,61.5154,61.7639,0.248578
4230,63,344407,61.4544,61.7878,0.333384
4231,111,340231,61.4626,61.7989,0.33637
4248,61,683,61.741,61.808,0.0669854
4251,43,1238,61.7591,61.8268,0.0677268
4235,99,265336,61.553,61.8458,0.292787
4253,95,278,61.7786,61.846,0.067317
4255,84,914,61.7818,61.8481,0.0663782
4232,109,345597,61.4655,61.8496,0.384125
4256,72,966,61.8255,61.8919,0.06637
4238,97,385441,61.5943,61.9311,0.336739
4233,97,796146,61.4799,61.9484,0.468493
4262,94,122,61.8838,61.9499,0.0660534
4237,50,355440,61.5818,61.9738,0.392037
4265,50,637,61.9066,61.9753,0.0686681
4267,84,231,61.9245,61.9908,0.0663088
4242,22,340353,61.6639,62.0061,0.342195
4246,50,346413,61.7078,62.0441,0.336358
4269,108,7590,61.9527,62.0678,0.115189
4261,8,64247,61.8774,62.079,0.201565
4244,18,338627,61.6701,62.1003,0.430163
4239,73,543158,61.6227,62.1015,0.478789
4252,16,217226,61.7731,62.1125,0.33941
4254,36,346805,61.7813,62.1174,0.336092
4260,105,102138,61.8743,62.1205,0.246163
4257,56,248060,61.8397,62.1309,0.291185
4271,43,758,62.0863,62.1524,0.066109
4274,26,367,62.1191,62.1857,0.0666204
4277,102,253,62.1384,62.2045,0.0660529
4273,23,5750,62.0976,62.2078,0.110155
4263,42,347682,61.8846,62.2215,0.336902
4268,67,224197,61.9347,62.2325,0.297763
4279,14,551,62.1647,62.2325,0.0677889
4275,27,9228,62.1314,62.2419,0.11045
4280,62,430,62.1801,62.2462,0.0660778
4281,107,679,62.1913,62.2574,0.0660948
4249,14,396282,61.7537,62.2699,0.516155
4282,67,604,62.2056,62.2717,0.0661013
4283,97,858,62.2173,62.2834,0.0661019
4247,14,252086,61.7147,62.2845,0.569764
4284,94,456,62.2232,62.2893,0.0660779
4286,3,343,62.2692,62.3353,0.0660637
4285,26,10151,62.2385,62.3489,0.110352
4270,106,369856,62.0221,62.3573,0.335235
4287,93,4991,62.2973,62.3637,0.0663553
4288,35,773,62.3016,62.3677,0.0660985
4289,16,659,62.3212,62.3895,0.068333
4291,64,170,62.3358,62.402,0.066189
4278,80,138559,62.158,62.4045,0.246506
4292,64,240,62.3538,62.4198,0.0660514
4272,21,348663,62.0931,62.4332,0.340063
4297,95,491,62.4061,62.474,0.0679618
4266,114,302919,61.9086,62.5094,0.600775
4276,40,414881,62.1373,62.5121,0.374777
4295,39,25922,62.3836,62.5384,0.154794
4302,91,519,62.4972,62.5633,0.0660848
4303,15,305,62.4999,62.5659,0.0660592
4290,84,147079,62.3235,62.5698,0.246299
4304,16,195,62.5258,62.5919,0.066046
4306,89,675,62.5515,62.6177,0.0661297
4307,36,696,62.5597,62.6273,0.0676002
4296,11,135089,62.3941,62.6398,0.245726
4305,93,6204,62.5325,62.6426,0.110179
4293,41,205563,62.3748,62.6637,0.288896
4299,34,143360,62.4244,62.673,0.248576
4250,39,370597,61.7576,62.6787,0.921083
4311,67,606,62.6084,62.6795,0.071073
4312,11,857,62.6218,62.6879,0.0661019
4313,83,766,62.6422,62.7083,0.0660982
4298,110,228308,62.4244,62.7143,0.289894
4315,20,799,62.6552,62.7247,0.0694419
4240,111,344572,61.6477,62.7418,1.09408
4317,85,1545,62.6782,62.7443,0.0661316
4294,41,348080,62.3824,62.7649,0.382499
4316,106,6390,62.6557,62.7688,0.113152
4300,105,324733,62.4462,62.7793,0.333066
4318,0,808,62.735,62.8011,0.0660999
4301,27,341941,62.4845,62.8203,0.335753
4319,95,728,62.7702,62.8363,0.0660967
4309,90,209065,62.5661,62.8629,0.296838
4321,78,343,62.8052,62.8713,0.0660637
4323,1,265,62.8357,62.9046,0.0688978
4322,40,7088,62.8163,62.9266,0.11032
4328,111,229,62.8784,62.9464,0.0679832
4327,60,13373,62.8738,62.9843,0.110541
4314,21,341436,62.6515,62.9887,0.337216
4310,56,605681,62.5939,63.0157,0.421757
4332,26,414,62.9676,63.0337,0.0660722
4308,107,767772,62.5619,63.0472,0.485315
4335,35,435,63.0163,63.0824,0.0660748
4336,30,669,63.0187,63.0853,0.0666089
4338,6,363,63.0242,63.0913,0.0670714
4333,37,13267,62.9804,63.0931,0.112719
4324,104,178986,62.8374,63.1288,0.291412
4339,67,787,63.0637,63.13,0.0663352
4264,27,213866,61.8858,63.1518,1.26602
4258,112,304241,61.8439,63.1644,1.32058
4259,80,347772,61.8547,63.1752,1.32052
4329,50,203539,62.8892,63.1806,0.291424
4320,83,521087,62.8023,63.1898,0.387551
4325,70,408670,62.8614,63.1991,0.337707
4326,2,301908,62.8662,63.2054,0.339204
4343,10,1177,63.1555,63.2217,0.0661511
4341,94,7338,63.1187,63.233,0.114294
4330,24,281116,62.9129,63.2449,0.331958
4345,23,597,63.1901,63.2562,0.0660915
4346,79,784,63.2033,63.2694,0.066099
4331,104,296075,62.9382,63.2727,0.334532
4347,98,387,63.2115,63.2779,0.0664055
4348,101,785,63.2162,63.2823,0.066099
4350,11,578,63.2541,63.3202,0.0660907
4351,98,856,63.2763,63.3424,0.0661018
4352,14,657,63.2794,63.3455,0.0660939
4342,88,38424,63.1504,63.349,0.198653
4337,111,390268,63.021,63.3573,0.336272
4354,6,1124,63.2943,63.3604,0.0661147
4355,17,4593,63.3443,63.4107,0.0664488
4356,18,616,63.3562,63.4222,0.0660922
4340,90,347903,63.1051,63.4386,0.333525
4344,39,160266,63.1642,63.452,0.287747
4358,63,532,63.3908,63.4569,0.0660864
4359,64,985,63.4077,63.4738,0.066107
4363,78,416,63.4191,63.4852,0.0660725
4364,87,250,63.4394,63.5055,0.0660526
4360,80,11911,63.4093,63.5197,0.110431
4366,53,654,63.4743,63.5404,0.0660938
4349,16,292238,63.2335,63.5646,0.33106
4368,77,768,63.5189,63.585,0.0660983
4353,21,345808,63.2846,63.6209,0.336242
4370,75,194,63.5767,63.6428,0.0660458
4371,94,661,63.5778,63.6439,0.066094
4357,22,267700,63.3612,63.6533,0.292128
4373,114,617,63.5984,63.6655,0.0671071
4375,47,804,63.6105,63.6766,0.0660998
4376,64,659,63.6242,63.6903,0.066094
4361,21,216340,63.4163,63.7069,0.290635
4378,42,741,63.6484,63.7145,0.0660972
4334,21,303895,63.0027,63.7348,0.732106
4367,36,236174,63.4876,63.7778,0.290244
4380,80,266,63.7155,63.7816,0.0660545
4381,43,637,63.7213,63.7874,0.0660931
4362,12,464296,63.4178,63.7962,0.378362
4365,0,340510,63.4731,63.8066,0.333437
4386,32,557,63.7527,63.8188,0.0661044
4387,92,774,63.761,63.8271,0.0660986
4388,35,400,63.7649,63.8309,0.0660706
4383,113,6376,63.7326,63.8428,0.11021
4385,2,14670,63.7423,63.8553,0.112998
4393,83,488,63.8059,63.872,0.0660811
4396,88,308,63.8695,63.9387,0.069238
4372,97,348667,63.5984,63.94,0.341536
4377,79,217450,63.6468,63.9421,0.295254
4384,23,37840,63.7398,63.9484,0.20865
4369,7,341720,63.5655,63.9504,0.384893
4397,72,635,63.8857,63.9518,0.066093
4374,75,320207,63.6025,63.9897,0.387199
4398,43,621,63.9247,63.992,0.067297
4391,43,108556,63.7961,64.0403,0.244257
4401,77,425,63.9827,64.0488,0.0660736
4382,41,346185,63.7305,64.0639,0.33345
4402,0,396,64.0073,64.0733,0.0660701
4400,76,9585,63.966,64.0763,0.110327
4394,5,89231,63.8531,64.0968,0.243706
4404,110,283,64.0309,64.0991,0.0681977
4405,36,662,64.0366,64.1027,0.0660941
4392,33,349928,63.8012,64.1348,0.333612
4395,72,242448,63.8531,64.1437,0.290593
4412,41,100,64.1713,64.2373,0.0660346
4414,60,2913,64.2037,64.2699,0.0661928
4399,114,284086,63.9601,64.291,0.330974
4417,83,702,64.2844,64.3505,0.0661209
4403,41,346371,64.0287,64.3622,0.333455
4418,36,312,64.2999,64.366,0.06606
4420,93,479,64.3062,64.3722,0.06608
4421,42,642,64.3088,64.3749,0.066119
4406,93,365620,64.0474,64.3817,0.334347
4408,15,213166,64.1098,64.401,0.291213
4423,103,509,64.3543,64.4245,0.0702326
4424,1,582,64.3589,64.4285,0.0695965
4407,103,341760,64.1004,64.4348,0.334398
4410,7,297696,64.1322,64.4733,0.341157
4411,62,368745,64.1518,64.4869,0.335073
4430,89,782,64.4244,64.4905,0.0660989
4415,62,136500,64.258,64.5043,0.246311
4427,60,7318,64.4018,64.5193,0.117559
4429,35,8068,64.4051,64.5196,0.114547
4425,42,26843,64.3661,64.5211,0.155051
4413,0,348590,64.1741,64.564,0.389879
4432,62,664,64.5096,64.5757,0.0660942
4422,110,109879,64.3445,64.5888,0.244318
4416,16,344379,64.2622,64.6055,0.343291
4409,68,873254,64.125,64.6378,0.512767
4419,35,290051,64.3058,64.6409,0.335092
4431,23,102903,64.4385,64.6842,0.245717
4426,37,381950,64.3668,64.7088,0.341992
4437,46,451,64.6544,64.7205,0.0660767
4438,61,503,64.6582,64.7243,0.0660829
4428,81,436820,64.4025,64.7857,0.383255
4389,36,202114,63.7823,64.787,1.00463
4441,114,785,64.7614,64.8275,0.066099
4442,89,1773,64.7674,64.8338,0.0663898
4444,50,631,64.7778,64.8439,0.0661256
4433,17,348944,64.5193,64.8529,0.333568
4390,41,342125,63.7837,64.8827,1.09899
4379,89,662207,63.697,64.8839,1.18692
4434,18,379287,64.5564,64.8918,0.335365
4446,109,709,64.8362,64.9023,0.066096
4435,34,341262,64.5779,64.9131,0.335154
4448,41,684,64.867,64.9331,0.0660965
4447,75,7384,64.8616,64.9719,0.110312
4452,67,455,64.914,64.9801,0.0660772
4436,18,615629,64.5877,65.0123,0.424523
4451,75,6234,64.912,65.0222,0.110246
4455,87,1468,64.9647,65.0309,0.0662098
4457,100,416,64.9922,65.0583,0.0660725
4458,68,751,64.9961,65.0622,0.0661298
4459,20,1166,65.0137,65.084,0.0702564
4456,35,5996,64.9773,65.0875,0.110183
4460,16,454,65.0285,65.0945,0.066077
4439,111,413539,64.7436,65.1184,0.374727
4440,73,406760,64.7461,65.1342,0.388078
4462,45,680,65.0727,65.1388,0.0660948
4443,50,476819,64.7724,65.1501,0.377671
4463,112,376,65.0868,65.1535,0.0667025
4468,98,1462,65.121,65.1871,0.0661282
4454,55,149992,64.9451,65.1909,0.245802
4469,26,614,65.1274,65.1935,0.0660973
4450,43,266631,64.9093,65.203,0.293737
4445,9,585386,64.7794,65.2037,0.424313
4471,20,631,65.1509,65.2172,0.0662835
4472,41,635,65.1552,65.2214,0.0662366
4470,33,11165,65.1454,65.2558,0.110397
4453,95,344054,64.9233,65.26,0.33674
4449,83,529740,64.8868,65.2679,0.381026
4474,40,672,65.208,65.2741,0.0660945
4475,18,127,65.2091,65.2752,0.0660378
4461,102,117665,65.0426,65.2887,0.246186
4476,108,626,65.2351,65.3016,0.0664462
4464,48,108493,65.0954,65.3408,0.245404
4478,33,761,65.2872,65.3533,0.066098
4479,21,4810,65.2991,65.3654,0.0662751
4480,97,428,65.3233,65.3911,0.067767
4466,50,230966,65.1022,65.3935,0.291304
4482,1,305,65.3474,65.4134,0.0660592
4483,34,647,65.3484,65.4145,0.0660935
4484,70,536,65.3609,65.4271,0.0662213
4465,70,323521,65.0954,65.4279,0.332535
4481,24,7130,65.3282,65.4385,0.11022
4467,1,349517,65.1115,65.4473,0.335792
4485,36,621,65.3837,65.4498,0.0661129
4473,102,262230,65.1899,65.4813,0.291391
4488,108,7135,65.4276,65.5378,0.11022
4491,26,471,65.4878,65.5539,0.0660791
4487,20,90638,65.3872,65.6315,0.244284
4477,76,492818,65.2581,65.6384,0.380337
4495,106,266,65.587,65.6531,0.0660545
4496,12,1963,65.5917,65.6579,0.0661504
4498,93,525,65.6059,65.672,0.066113
4486,62,243056,65.3848,65.676,0.291136
4489,16,88669,65.4316,65.6761,0.244455
4494,27,7213,65.5764,65.6867,0.110223
4499,16,740,65.6365,65.7026,0.0660972
4500,41,1089,65.6629,65.729,0.0661133
4490,27,354882,65.433,65.7686,0.335636
4504,90,5085,65.7617,65.828,0.0662883
4505,45,5266,65.762,65.8283,0.0662955
4506,53,240,65.7638,65.8298,0.0660514
4507,97,1718,65.7692,65.8354,0.0662056
4493,29,335567,65.5277,65.8621,0.334397
4508,12,2248,65.8039,65.87,0.066164
4492,56,478657,65.5065,65.8881,0.381617
4497,37,349987,65.5929,65.9271,0.334201
4509,93,6004,65.8545,65.9647,0.110171
4513,61,634,65.9271,65.9943,0.0672096
4514,0,315,65.9279,65.9951,0.0672351
4515,77,689,65.929,65.9963,0.0672752
4510,90,38743,65.8595,66.0582,0.198696
4517,46,2723,65.9934,66.0596,0.0661852
4511,45,60360,65.8763,66.0757,0.199443
4502,35,272645,65.7445,66.0846,0.340043
4503,111,335746,65.7453,66.0862,0.34088
4501,98,370878,65.7057,66.0903,0.384601
4519,42,423,66.0236,66.0903,0.0667055
4512,30,62592,65.9152,66.1147,0.199541
4518,111,7217,66.0048,66.1152,0.110362
4521,1,2023,66.0576,66.1238,0.0661716
4524,10,379,66.0988,66.1649,0.066068
4516,48,85551,65.9606,66.2035,0.24293
4527,15,281,66.1641,66.2302,0.0660563
4520,27,104432,66.0386,66.2835,0.244887
4533,38,4401,66.2798,66.3461,0.0662588
4534,11,3274,66.2929,66.3591,0.0662094
4535,15,7321,66.2942,66.4045,0.110311
4522,77,340816,66.0729,66.4063,0.333444
4523,6,293561,66.0821,66.4132,0.33112
4537,34,6568,66.3243,66.4372,0.112872
4526,57,191771,66.1522,66.4405,0.288286
4538,20,554,66.4252,66.4913,0.0661236
4525,88,349678,66.141,66.5265,0.385454
4540,72,661,66.4732,66.5393,0.066121
4529,75,300096,66.2124,66.5438,0.331409
4528,111,486948,66.1836,66.5738,0.390149
4532,42,321104,66.2652,66.5975,0.332338
4543,70,467,66.5501,66.6163,0.066117
4531,101,438107,66.2479,66.6237,0.375816
4544,68,895,66.5687,66.6348,0.0661034
4545,42,335,66.5866,66.6527,0.0660837
4539,77,214387,66.4399,66.7308,0.290839
4530,82,843540,66.2276,66.737,0.509426
4547,113,3406,66.6771,66.7433,0.0662146
4541,37,276781,66.5293,66.8237,0.294338
4549,12,5978,66.7365,66.8466,0.11017
4542,36,341692,66.5319,66.8682,0.336296
4552,37,5659,66.7752,66.8854,0.110136
4551,112,30310,66.7494,66.905,0.155564
4557,68,430,66.8457,66.9118,0.0660802
4546,17,312196,66.6154,66.9473,0.331943
4561,102,667,66.9141,66.9802,0.0661236
4558,41,7378,66.8725,66.9829,0.110355
4563,66,213,66.943,67.0091,0.0660692
4548,63,327037,66.681,67.0136,0.332599
4562,53,7138,66.9222,67.0324,0.11022
4565,75,618,66.981,67.0471,0.0661176
4550,6,284955,66.7393,67.0714,0.33215
4568,46,647,67.0127,67.0788,0.0661186
4559,103,65835,66.8922,67.0919,0.199686
4571,62,575,67.0588,67.1255,0.0666568
4554,89,389568,66.8085,67.1456,0.337087
4555,82,342423,66.835,67.1685,0.33354
4556,60,294546,66.8432,67.1758,0.3326
4575,112,521,67.1345,67.2016,0.0671045
4553,42,582180,66.7799,67.2039,0.42399
4576,27,699,67.1441,67.2103,0.0662026
4577,112,643,67.1453,67.2116,0.066336
4580,14,412,67.1553,67.2221,0.0668055
4574,80,6566,67.133,67.2433,0.110234
4560,87,402141,66.9131,67.2501,0.337082
4581,75,430,67.1889,67.255,0.0660994
4536,31,348620,66.3168,67.2755,0.958684
4567,113,342052,66.9946,67.3281,0.333505
4573,81,143304,67.1042,67.3527,0.248528
4566,104,379169,66.9857,67.3658,0.380123
4586,41,782,67.3046,67.3707,0.0661204
4589,15,460,67.3514,67.4175,0.0660778
4578,13,214949,67.1498,67.4448,0.295026
4588,114,7057,67.343,67.4541,0.111152
4572,35,413655,67.1,67.4747,0.374733
4593,34,530,67.4455,67.5138,0.068331
4594,72,643,67.4542,67.5203,0.0660933
4569,76,884882,67.0139,67.5285,0.514626
4595,74,177,67.4783,67.5474,0.069139
4564,77,909985,66.9743,67.5485,0.574193
4596,94,679,67.4798,67.5486,0.0688663
4583,42,292963,67.2105,67.555,0.344572
4587,38,102345,67.3099,67.5575,0.247632
4597,15,203,67.4978,67.5639,0.0660469
4598,94,145,67.5258,67.5931,0.0673112
4584,51,345236,67.2615,67.5969,0.335455
4585,57,318505,67.2896,67.6298,0.340124
4600,37,276,67.6092,67.6753,0.0660557
4591,43,231375,67.3879,67.6814,0.293505
4590,75,347170,67.3788,67.7146,0.335886
4579,36,230849,67.1517,67.7617,0.610058
4606,81,1845,67.7611,67.8273,0.0661457
4608,17,213,67.788,67.8541,0.0660739
4599,11,247209,67.5629,67.8549,0.292048
4610,30,996,67.8113,67.8776,0.0663778
4582,24,343555,67.1952,67.8891,0.69392
4612,30,194,67.8442,67.9103,0.0660458
4601,88,208740,67.6323,67.9217,0.289458
4613,110,632,67.8556,67.922,0.0663804
4592,83,830442,67.4172,67.9254,0.508147
4614,103,409,67.8779,67.9439,0.0660716
4605,56,47987,67.7601,67.9595,0.199442
4616,31,260,67.9185,67.9845,0.0660538
4617,11,279,67.9251,67.9912,0.066056
4603,106,146218,67.7551,68.0007,0.245601
4618,89,556,67.9484,68.0145,0.0661065
4619,110,677,67.9559,68.022,0.0660947
4621,21,795,67.9572,68.0233,0.0660994
4604,46,345743,67.7589,68.0923,0.333427
4609,15,152423,67.81,68.0966,0.286597
4624,47,10361,67.9979,68.109,0.111108
4607,50,326675,67.7758,68.1092,0.33336
4602,27,655866,67.7237,68.1514,0.42761
4630,38,479,68.0911,68.1572,0.0661283
4611,18,303507,67.8388,68.1704,0.331582
4615,106,344044,67.8996,68.2331,0.333453
4633,62,609,68.1702,68.2363,0.066092
4635,25,563,68.1869,68.2559,0.0690124
4622,43,216045,67.972,68.2617,0.289697
4626,20,100295,68.0189,68.2642,0.245232
4623,61,249022,67.9913,68.2862,0.294895
4620,50,380828,67.9568,68.2973,0.340532
4625,85,137266,68.0057,68.2984,0.292616
4570,37,229807,67.0191,68.3118,1.2927
4638,19,839,68.2684,68.335,0.066565
4637,18,8796,68.2337,68.3444,0.110638
4641,101,787,68.3063,68.3724,0.0661179
4643,7,712,68.3291,68.3953,0.0661723
4639,4,11255,68.2874,68.3996,0.112142
4628,21,343778,68.0633,68.3997,0.336424
4629,109,397326,68.0849,68.4211,0.336198
4627,34,437595,68.0469,68.423,0.376041
4645,83,505,68.368,68.4344,0.0663581
4632,18,213753,68.1482,68.441,0.292813
4647,61,4850,68.3937,68.46,0.0662789
4631,20,343447,68.1424,68.4812,0.338839
4650,100,681,68.4184,68.4865,0.0681086
4651,40,284,68.4208,68.4889,0.0681408
4652,20,492,68.4295,68.4956,0.0660816
4653,12,826,68.4327,68.4988,0.0661006
4636,92,343597,68.1966,68.532,0.335382
4634,17,452508,68.1815,68.5623,0.380754
4655,64,1296,68.5012,68.5674,0.0662276
4640,103,217225,68.2883,68.5814,0.293065
4656,38,688,68.5279,68.594,0.0660951
4659,41,3683,68.59,68.6564,0.0663894
4660,53,781,68.5919,68.6594,0.0675214
4648,36,182788,68.3998,68.6877,0.28791
4644,23,294807,68.3671,68.6997,0.332654
4642,38,342811,68.3256,68.7098,0.384158
4646,13,341223,68.3755,68.7138,0.338319
4661,22,7326,68.6155,68.7257,0.110228
4662,111,1898,68.6685,68.7348,0.0662339
4663,27,666,68.6696,68.7358,0.0662
4654,53,249562,68.4469,68.7378,0.29097
4649,73,349585,68.4125,68.7492,0.33667
4665,15,4718,68.6859,68.7522,0.0662804
4667,111,782,68.6985,68.7646,0.0660989
4668,42,623,68.729,68.7951,0.0660925
4669,16,606,68.7353,68.8014,0.0660918
4671,21,479,68.7611,68.8272,0.06608
4674,46,172,68.792,68.8581,0.0660432
4676,18,648,68.8067,68.8728,0.0661185
4673,92,7422,68.7816,68.892,0.110358
4680,102,618,68.8921,68.9582,0.0661026
4657,2,434056,68.5858,68.9714,0.385597
4666,51,215533,68.6927,68.9841,0.29134
4681,6,679,68.9165,68.9841,0.0676413
4679,2,27683,68.8445,68.9993,0.154777
4683,36,1267,68.9445,69.0107,0.0661204
4658,67,517337,68.5866,69.0156,0.429035
4677,47,36107,68.8135,69.0162,0.202701
4678,23,62026,68.8292,69.0294,0.200202
4675,24,132279,68.7958,69.0408,0.244987
4684,32,751,69.0263,69.0932,0.0669851
4686,43,421,69.0368,69.1029,0.0660731
4672,23,163620,68.7777,69.1114,0.33367
4690,67,173,69.0687,69.1349,0.0662019
4670,90,441452,68.7588,69.135,0.376147
4691,77,750,69.0767,69.1428,0.0660976
4692,70,279,69.0833,69.1494,0.066056
4693,34,215,69.0844,69.1504,0.0660638
4687,12,6392,69.044,69.1542,0.110186
4694,111,172,69.0943,69.1604,0.0660432
4695,82,676,69.1408,69.2069,0.0660946
4689,65,51825,69.0551,69.2542,0.199067
4696,30,7462,69.1476,69.2578,0.110233
4682,76,349543,68.9363,69.2704,0.334122
4699,108,336,69.2077,69.2738,0.0660629
4664,88,384882,68.6814,69.2836,0.602184
4701,65,254,69.2652,69.3313,0.066053
4688,18,180548,69.0464,69.3342,0.287792
4685,50,348251,69.0359,69.3711,0.335238
4704,50,2186,69.3134,69.3796,0.0661615
4705,45,667,69.341,69.4071,0.0660943
4698,27,98301,69.1689,69.4124,0.243552
4706,50,106,69.4128,69.4788,0.0660353
4707,57,375,69.4235,69.4896,0.0660676
4709,95,652,69.4297,69.4977,0.0679902
4710,113,640,69.4516,69.5177,0.0660932
4711,62,625,69.4526,69.5187,0.0661319
4713,74,547,69.4639,69.53,0.0660895
4697,1,440633,69.1594,69.5354,0.375976
4700,43,392992,69.2188,69.5543,0.335524
4702,73,163536,69.2758,69.5629,0.287046
4715,72,588,69.5041,69.5702,0.0660911
4716,42,104,69.5161,69.5821,0.0660682
4717,13,642,69.5267,69.5928,0.0660933
4719,65,468,69.5424,69.6085,0.0660787
4703,76,349931,69.295,69.6293,0.334259
4720,70,661,69.5813,69.6474,0.066094
4708,7,80455,69.4262,69.6689,0.24272
4721,38,326,69.6071,69.6733,0.066179
4724,95,606,69.6751,69.7412,0.0660918
4725,23,572,69.6761,69.7422,0.0660905
4726,70,893,69.6841,69.7509,0.066777
4718,26,149542,69.536,69.7817,0.245747
4712,81,345479,69.4594,69.7958,0.336398
4729,68,751,69.7627,69.8288,0.0660976
4714,10,340044,69.5007,69.8339,0.333176
4723,41,62647,69.6526,69.8526,0.200034
4730,10,485,69.8023,69.8684,0.0660808
4731,46,453,69.818,69.8841,0.0660769
4732,103,208,69.8365,69.9025,0.0660475
4735,5,163,69.8654,69.9314,0.0660421
4736,33,777,69.8788,69.947,0.0681164
4737,47,639,69.8807,69.947,0.066314
4738,21,1266,69.8988,69.9649,0.0661204
4734,91,13782,69.8579,69.9685,0.110512
4739,47,549,69.9125,69.9786,0.0660896
4722,34,349049,69.6514,69.9849,0.333575
4727,17,171136,69.6992,69.9866,0.287379
4740,86,668,69.9316,69.9977,0.0660943
4741,28,494,69.9614,70.0275,0.0661039
4742,92,657,69.9843,70.0504,0.0661126
4744,13,5069,70.0022,70.0685,0.0662876
4745,92,468,70.0231,70.0892,0.0660787
4728,42,340178,69.7623,70.0956,0.333284
4747,54,545,70.081,70.1471,0.0660894
4733,28,291974,69.8369,70.168,0.33105
4748,47,857,70.1234,70.1895,0.0661019
4749,71,3108,70.1542,70.2204,0.0662006
4750,14,646,70.1557,70.2218,0.0660934
4753,107,1049,70.1923,70.2584,0.0661096
4754,9,523,70.1934,70.2595,0.0660853
4751,56,7670,70.1622,70.2725,0.110346
4755,47,426,70.2324,70.2985,0.0660737
4756,83,464,70.2631,70.3292,0.0660782
4743,4,385601,69.9997,70.3352,0.335433
4759,41,1175,70.2914,70.3577,0.0663267
4760,6,548,70.3118,70.3779,0.0660936
4761,106,693,70.3126,70.3789,0.066351
4762,22,450,70.3131,70.3792,0.0661486
4763,72,277,70.3234,70.3895,0.0660558
4764,76,347,70.3289,70.395,0.0660642
4765,7,662,70.3722,70.4383,0.0660941
4767,36,306,70.38,70.4465,0.0664702
4746,56,607447,70.0267,70.4491,0.422461
4766,4,9880,70.3729,70.4832,0.110341
4769,80,640,70.4286,70.4946,0.0660932
4752,18,301821,70.186,70.5175,0.331485
4770,68,543,70.4531,70.5192,0.0661075
4771,12,261,70.4608,70.5269,0.0660539
4772,82,437,70.4835,70.5496,0.066075
4773,88,375,70.4915,70.5576,0.0660989
4775,31,372,70.5069,70.5729,0.0660672
4777,2,351,70.5265,70.5926,0.0660753
4757,75,387460,70.2683,70.6041,0.335721
4758,87,284371,70.2913,70.622,0.330749
4768,75,104425,70.394,70.6378,0.243763
4781,50,264,70.5826,70.6486,0.0660542
4780,18,6895,70.5549,70.6651,0.110208
4782,55,653,70.6383,70.7044,0.0660937
4783,23,662,70.6425,70.7086,0.0660941
4784,65,745,70.6807,70.7468,0.0660974
4774,27,164890,70.4921,70.7793,0.287148
4787,12,352,70.7221,70.7882,0.0660807
4785,22,7457,70.6833,70.7935,0.110233
4791,63,117,70.7635,70.8296,0.0660507
4776,97,342054,70.5189,70.8523,0.333432
4794,47,1002,70.7931,70.8592,0.0661077
4795,103,604,70.8087,70.8753,0.0665581
4778,34,346208,70.5431,70.877,0.333915
4779,70,497875,70.5522,70.9309,0.378697
4798,73,266,70.8696,70.9357,0.0660545
4799,45,443,70.8933,70.9593,0.0660757
4800,48,741,70.9,70.9661,0.0660972
4797,18,7290,70.8618,70.9721,0.110315
4802,36,670,70.9174,70.9834,0.0660944
4803,94,608,70.9237,70.9898,0.0660919
4786,46,210737,70.7084,71.0002,0.291783
4788,17,230924,70.752,71.042,0.29001
4806,53,631,70.9906,71.0618,0.0711478
4804,6,6330,70.9517,71.0618,0.110184
4807,6,700,71.0054,71.0715,0.0660956
4789,19,345793,70.7563,71.0918,0.335486
4796,113,106698,70.852,71.0978,0.245852
4792,12,244105,70.7638,71.1055,0.341684
4810,22,8737,71.0339,71.1502,0.116229
4811,43,7196,71.0456,71.1563,0.110779
4813,10,1019,71.1033,71.1694,0.0661084
4793,18,621573,70.7859,71.2095,0.423608
4816,36,641,71.1748,71.2408,0.0660932
4801,30,345756,70.9116,71.2496,0.337951
4817,88,130,71.1989,71.265,0.0660382
4790,14,772324,70.7628,71.2785,0.515714
4805,24,343144,70.9545,71.2885,0.334064
4808,18,197324,71.0237,71.3128,0.289144
4820,111,263,71.2465,71.3145,0.0680278
4818,47,6433,71.2098,71.3223,0.112511
4821,7,4941,71.2675,71.3338,0.0662825
4809,64,347422,71.0256,71.3644,0.338862
4824,74,1014,71.3134,71.3795,0.0661082
4825,110,1251,71.3257,71.3918,0.0661198
4812,43,348929,71.069,71.4033,0.334273
4814,102,80778,71.1635,71.4089,0.245389
4830,46,476,71.3519,71.418,0.0661234
4833,56,765,71.3654,71.4315,0.0660982
4826,1,12421,71.3276,71.438,0.110453
4836,51,438,71.3965,71.4626,0.0661364
4815,17,265947,71.1741,71.4665,0.292429
4834,87,5533,71.3785,71.4886,0.110143
4828,76,20179,71.336,71.4906,0.154605
4829,8,26456,71.3447,71.4994,0.154723
4838,29,53,71.4436,71.5105,0.0669229
4819,57,347098,71.2136,71.5484,0.334771
4839,67,780,71.4836,71.5504,0.0667706
4842,77,4794,71.5315,71.5982,0.0667246
4844,55,1099,71.566,71.6322,0.0661137
4823,27,344328,71.3087,71.6426,0.333887
4845,21,645,71.58,71.6475,0.06746
4847,60,758,71.5895,71.6569,0.0673639
4827,67,342074,71.3301,71.6647,0.334609
4831,78,392792,71.3577,71.6937,0.336005
4848,27,416,71.6282,71.6947,0.0665166
4822,47,520600,71.2855,71.7148,0.429311
4850,98,644,71.6498,71.7159,0.0660994
4851,50,196,71.6523,71.7184,0.066061
4837,39,198378,71.4344,71.7232,0.288791
4835,46,344054,71.3916,71.728,0.336329
4852,22,733,71.6602,71.7289,0.0686146
4832,26,423218,71.3634,71.739,0.375653
4849,9,9570,71.6292,71.7401,0.110984
4856,97,551,71.7722,71.8394,0.0671686
4857,111,235,71.7749,71.8409,0.0660508
4840,54,295029,71.5242,71.8565,0.332275
4841,67,352194,71.53,71.8671,0.337109
4859,16,666,71.8492,71.9153,0.0660942
4858,106,10990,71.8055,71.9159,0.11039
4860,64,603,71.8555,71.9222,0.0667218
4846,10,399213,71.5869,71.9254,0.33851
4843,34,457731,71.5446,71.9259,0.381263
4861,7,775,71.8691,71.9352,0.0660986
4863,16,650,71.9029,71.9691,0.0662028
4855,41,85076,71.7453,71.9888,0.243447
4862,95,6925,71.8809,71.9911,0.11021
4854,78,219077,71.7089,71.9984,0.289534
4866,43,672,71.9466,72.0127,0.0660945
4867,51,779,71.9653,72.0314,0.0661264
4853,98,349275,71.6979,72.0316,0.333621
4875,22,217,72.0695,72.1356,0.0660532
4876,33,323,72.1144,72.1805,0.0660613
4865,27,207192,71.9124,72.2039,0.291461
4879,19,4917,72.1419,72.2082,0.0662816
4880,113,692,72.1535,72.2196,0.0661367
4881,36,512,72.1555,72.2216,0.066084
4864,39,340730,71.9114,72.2462,0.334811
4868,83,224351,71.9873,72.2774,0.290146
4870,42,229877,72.0206,72.3106,0.289963
4869,108,322132,71.9949,72.3304,0.335495
4884,18,2864,72.2701,72.3363,0.0661908
4871,40,350591,72.0251,72.3587,0.333641
4872,53,345750,72.0348,72.3685,0.333692
4873,114,346560,72.0401,72.3761,0.335991
4874,108,301142,72.0572,72.3886,0.331455
4885,39,165,72.3325,72.3986,0.0660424
4878,77,151130,72.1373,72.4266,0.28926
4886,86,411,72.3678,72.4339,0.0660719
4888,67,1239,72.373,72.4391,0.0661193
4877,77,349525,72.1179,72.4515,0.333602
4882,75,157180,72.1655,72.4523,0.286805
4889,24,668,72.4295,72.4956,0.0660943
4883,83,179791,72.2308,72.5185,0.287771
4895,92,382,72.4822,72.5483,0.0660684
4896,18,611,72.5121,72.5782,0.066092
4897,22,3701,72.5186,72.5849,0.0662264
4902,22,301,72.5798,72.6459,0.0660587
4887,28,248106,72.3718,72.6643,0.292488
4901,26,10516,72.5556,72.6662,0.110576
4905,87,742,72.6141,72.6802,0.0660973
4906,52,390,72.6303,72.6964,0.0660694
4907,86,3694,72.642,72.709,0.0669852
4908,87,604,72.6514,72.7175,0.0660918
4891,110,233772,72.4499,72.7407,0.290781
4910,40,1141,72.6758,72.742,0.066149
4911,78,314,72.6766,72.7427,0.0661174
4894,91,209709,72.4664,72.7584,0.292047
4890,101,342833,72.4323,72.7685,0.336239
4912,88,673,72.7034,72.7707,0.0672889
4909,46,8165,72.6626,72.7729,0.110266
4892,59,291121,72.4565,72.7879,0.331465
4893,36,401332,72.4627,72.8008,0.338042
4898,6,242696,72.5218,72.8138,0.291976
4900,108,247785,72.5428,72.8335,0.290755
4914,6,568,72.7856,72.8517,0.0660903
4915,41,932,72.7888,72.8552,0.0664141
4916,26,781,72.7913,72.8576,0.0663841
4899,94,341275,72.537,72.8702,0.333229
4917,75,7018,72.8064,72.9166,0.110226
4919,87,573,72.8622,72.9283,0.0661224
4904,53,347006,72.6096,72.9432,0.333549
4920,41,613,72.905,72.9711,0.0661161
4903,16,527697,72.5952,72.9758,0.38059
4913,64,108626,72.7481,72.992,0.243946
4921,41,851,72.9348,73.0009,0.0661016
4922,76,236,72.9492,73.0153,0.0661016
4924,104,2677,72.9797,73.0459,0.0661812
4927,85,694,72.9904,73.0564,0.0660954
4928,88,1010,72.997,73.0631,0.066108
4918,43,109124,72.8337,73.0777,0.243983
4930,36,675,73.0134,73.0795,0.0660946
4931,104,648,73.0263,73.0924,0.0660935
4932,71,698,73.0291,73.0952,0.0660955
4933,4,454,73.0473,73.1134,0.066077
4934,64,640,73.0558,73.1219,0.0660932
4935,59,673,73.0565,73.1226,0.0660945
4936,90,659,73.0936,73.1597,0.0661073
4938,40,1394,73.1014,73.1675,0.0661255
4940,77,760,73.1141,73.1802,0.066098
4923,12,140336,72.9623,73.2076,0.245342
4939,80,11433,73.1032,73.2136,0.110409
4942,79,648,73.1565,73.2226,0.0660935
4943,24,1271,73.1571,73.2232,0.0661206
4947,12,226,73.1911,73.2572,0.0660497
4949,64,631,73.2126,73.283,0.0703438
4945,25,9999,73.1718,73.2851,0.113217
4953,51,187,73.2421,73.3081,0.066045
4926,72,343951,72.9889,73.3251,0.336182
4950,91,9099,73.2198,73.3301,0.110305
4929,39,341878,73.0046,73.3379,0.333256
4955,60,502,73.2865,73.3526,0.0660828
4941,89,89512,73.1422,73.3863,0.24411
4937,109,252735,73.098,73.3906,0.292569
4925,10,602893,72.9865,73.4081,0.421646
4959,108,181,73.3854,73.4517,0.066284
4961,12,622,73.4096,73.4757,0.0660925
4962,51,630,73.4365,73.5026,0.0660928
4946,68,341914,73.1772,73.5154,0.33827
4952,7,174331,73.2308,73.5219,0.291151
4948,18,393877,73.1944,73.5326,0.338105
4954,75,249947,73.246,73.5369,0.29092
4963,94,639,73.4717,73.5378,0.0660932
4964,111,476,73.478,73.544,0.0660797
4951,102,341867,73.2207,73.555,0.334319
4944,51,90329,73.1691,73.592,0.422831
4958,74,107105,73.3713,73.6152,0.243944
4968,86,647,73.5505,73.6166,0.0660935
4969,53,293,73.5638,73.6299,0.0660664
4970,7,891,73.566,73.6322,0.0661528
4957,36,348290,73.3409,73.6747,0.333812
4956,28,436601,73.3308,73.7076,0.376863
4960,92,313768,73.4082,73.7402,0.332012
4974,102,8906,73.6385,73.7488,0.110298
4976,35,449,73.6839,73.75,0.0660764
4965,27,277743,73.4801,73.7761,0.295913
4981,52,761,73.7353,73.8013,0.066098
4982,2,849,73.7375,73.8036,0.0661016
4984,12,635,73.766,73.8321,0.066114
4977,77,23117,73.6881,73.8432,0.155007
4966,43,483635,73.4818,73.8742,0.392322
4967,101,349962,73.5436,73.8772,0.333652
4971,49,220836,73.5996,73.8903,0.290747
4986,46,2255,73.8427,73.909,0.0662632
4973,73,215637,73.6184,73.9135,0.295062
4987,14,650,73.846,73.9135,0.0674585
4988,13,674,73.8519,73.9182,0.0663261
4985,113,10034,73.8139,73.9244,0.110465
4978,60,137079,73.7049,73.9557,0.250764
4979,21,104056,73.7258,73.9696,0.243759
4990,90,7321,73.8769,73.9872,0.110228
4975,15,510984,73.6406,74.0197,0.379063
4992,15,709,73.9703,74.0377,0.0673992
4995,112,250,73.9965,74.0626,0.066061
4996,32,293,73.9994,74.0654,0.0660672
4980,79,343146,73.7333,74.0678,0.334577
4997,104,612,74.0125,74.0798,0.0673128
4983,35,406501,73.7449,74.0826,0.337787
5000,55,793,74.031,74.097,0.0660993
5001,22,284,74.0337,74.0998,0.066147
5004,107,2866,74.0595,74.1258,0.0663513
5005,11,123,74.0629,74.129,0.0660373
5006,43,166,74.0672,74.1333,0.0660425
4989,92,253024,73.8549,74.1468,0.291842
4972,43,965178,73.6059,74.1596,0.553673
5009,28,393,74.1135,74.1796,0.0660697
5008,43,7195,74.0964,74.2067,0.110302
5012,43,644,74.1704,74.2365,0.0660934
5013,89,713,74.1716,74.2377,0.0660961
5014,40,512,74.1721,74.2382,0.066084
5016,111,298,74.2153,74.2821,0.0667548
5002,95,140052,74.0414,74.2884,0.24703
4999,24,137880,74.02,74.3128,0.29279
4993,93,403573,73.9834,74.3211,0.337624
5019,65,279,74.2672,74.3333,0.066056
4991,58,524706,73.9702,74.3537,0.383535
4998,27,342910,74.0199,74.3625,0.342597
5017,114,7468,74.2554,74.3667,0.11131
5007,51,218641,74.086,74.3755,0.289485
5022,102,1251,74.3226,74.3888,0.0661779
5024,81,753,74.3265,74.3944,0.0678844
4994,98,606000,73.9895,74.4136,0.424104
5003,19,518049,74.0556,74.4356,0.380023
5026,15,639,74.3842,74.4503,0.0661138
5011,94,350274,74.1621,74.5025,0.340439
5015,41,228852,74.2149,74.5103,0.295421
5025,92,29878,74.3698,74.5248,0.155011
5023,72,100832,74.324,74.5677,0.243713
5027,102,8740,74.4659,74.5761,0.110291
5028,66,726,74.5154,74.5816,0.066136
5020,42,244277,74.2945,74.588,0.293557
5021,37,207252,74.296,74.5909,0.294947
5018,72,344809,74.2577,74.5945,0.336783
5010,86,842498,74.1557,74.6683,0.512576
5031,23,7149,74.6109,74.7211,0.110221
5033,79,3705,74.677,74.7434,0.0663756
5035,72,748,74.7395,74.8056,0.0660975
5036,61,505,74.7478,74.8139,0.0660832
5029,83,123389,74.5793,74.8239,0.244597
5034,83,7010,74.7165,74.8267,0.110215
5040,77,466,74.785,74.8511,0.0660785
5030,22,215605,74.5884,74.878,0.289596
5042,27,611,74.8263,74.8924,0.066092
5043,106,508,74.8796,74.9457,0.0660835
5032,17,346920,74.6351,74.9686,0.333491
5038,97,187009,74.7504,75.04,0.289684
5037,1,218638,74.75,75.0411,0.291097
5050,40,403,74.9892,75.0553,0.0660709
5041,50,101244,74.8228,75.0677,0.244866
5051,24,450,75.0029,75.0709,0.068
5052,108,612,75.0131,75.0792,0.0660921
5054,17,460,75.0156,75.0826,0.0669381
5039,36,292277,74.7781,75.1091,0.331062
5056,25,772,75.0573,75.1234,0.0660985
5057,40,7981,75.0649,75.1752,0.110303
5044,60,158669,74.888,75.1759,0.287894
5046,41,253151,74.9205,75.2115,0.290992
5061,32,642,75.1563,75.2224,0.066116
5048,61,157373,74.9503,75.2371,0.286772
5045,22,345499,74.9067,75.245,0.338239
5064,15,715,75.1962,75.2623,0.0660962
5047,57,306081,74.9415,75.2732,0.331672
5065,114,797,75.2085,75.2746,0.0661188
5068,99,906,75.2352,75.3023,0.0670935
5053,15,216076,75.0135,75.3036,0.290109
5049,11,295641,74.9784,75.3097,0.33127
5070,27,726,75.2777,75.3439,0.0661259
5073,45,792,75.3403,75.4064,0.0660993
5062,68,117228,75.1792,75.4279,0.248681
5058,53,341358,75.0906,75.4291,0.33856
5060,53,219351,75.1456,75.4409,0.295282
5055,27,548246,75.0402,75.4639,0.423719
5075,66,510,75.416,75.4854,0.0693795
5059,90,343896,75.109,75.487,0.377963
5069,79,141401,75.2739,75.5246,0.250732
5076,111,638,75.4677,75.5348,0.0671536
5066,17,304750,75.2182,75.5518,0.333648
5078,113,684,75.4928,75.5589,0.066095
5079,34,342,75.4985,75.5647,0.0662581
5081,85,741,75.5131,75.5793,0.0661714
5071,45,247466,75.2807,75.5798,0.299114
5082,47,497,75.5227,75.5888,0.0660822
5083,39,3310,75.5229,75.5891,0.0662108
5072,15,293062,75.3056,75.6367,0.331098
5086,40,746,75.5789,75.645,0.0660974
5063,102,382001,75.1873,75.6569,0.469559
5067,81,558459,75.2335,75.6579,0.424371
5087,89,1368,75.6153,75.6814,0.0661245
5080,65,50583,75.5004,75.7016,0.201216
5089,28,4506,75.6441,75.7104,0.066263
5091,74,439,75.6646,75.7306,0.0660752
5088,26,7064,75.6244,75.7347,0.110362
5092,70,879,75.6719,75.738,0.0661028
5074,105,302361,75.4097,75.7412,0.331509
5093,11,680,75.6893,75.7554,0.0660948
5094,5,8633,75.6908,75.8011,0.110287
5077,29,355600,75.475,75.8089,0.333863
5084,56,372677,75.524,75.8589,0.334876
5085,27,342100,75.536,75.8692,0.333269
5097,23,1144,75.8466,75.9127,0.0661386
5096,91,9316,75.8064,75.9167,0.110316
5098,52,1614,75.8677,75.9339,0.0662048
5099,66,496,75.8812,75.9472,0.0660894
5090,45,346159,75.6445,75.9781,0.333508
5102,66,1628,75.9256,75.9918,0.0662016
5100,39,7037,75.8955,76.0058,0.110216
5104,104,617,75.9746,76.0407,0.0660923
5095,11,229476,75.7922,76.0822,0.289982
5105,64,551,76.044,76.1101,0.0660896
5106,51,612,76.0453,76.1114,0.0660921
5107,16,621,76.0494,76.1154,0.0660924
5111,78,136,76.1533,76.2194,0.0660389
5109,70,7092,76.1173,76.2276,0.110337
5103,11,244129,75.9535,76.2441,0.290615
5101,110,316490,75.9174,76.2495,0.332134
5113,110,698,76.1994,76.2655,0.0660955
5114,12,255,76.2089,76.2749,0.0660532
5115,37,1820,76.2189,76.285,0.066146
5117,55,649,76.2464,76.3125,0.0660936
5116,104,10459,76.225,76.3354,0.110366
5118,1,708,76.2917,76.3578,0.0660959
5120,51,905,76.3188,76.3859,0.0671462
5108,15,311807,76.073,76.4049,0.331925
5124,35,467,76.3457,76.4118,0.0660786
5126,15,4373,76.3564,76.4226,0.0662576
5128,65,937,76.3674,76.4373,0.0698888
5129,51,234,76.3703,76.4386,0.0682663
5130,30,893,76.381,76.4471,0.0661033
5125,111,27098,76.3476,76.5023,0.154751
5112,110,342160,76.1837,76.5201,0.336407
5132,106,885,76.4627,76.5328,0.0701006
5110,34,479271,76.1422,76.5357,0.393577
5136,78,670,76.5093,76.5807,0.0714414
5134,12,10495,76.4688,76.5814,0.112606
5119,57,183984,76.2999,76.5879,0.287944
5123,73,152859,76.3255,76.6245,0.298979
5133,57,28826,76.4659,76.6296,0.163663
5139,57,689,76.5634,76.6296,0.066228
5127,105,183413,76.3566,76.6445,0.287925
5121,65,332995,76.3213,76.6608,0.339496
5143,72,368,76.6174,76.6835,0.0660667
5146,68,5223,76.6835,76.7498,0.0662938
5137,89,130913,76.5476,76.7925,0.244929
5148,10,5049,76.7428,76.8119,0.0691232
5135,42,293843,76.4908,76.822,0.331139
5149,6,799,76.7737,76.8398,0.0660996
5150,42,367,76.7839,76.8526,0.0686674
5141,93,87400,76.6117,76.8592,0.247419
5144,33,61336,76.657,76.8636,0.206569
5151,72,571,76.8004,76.8664,0.0660904
5138,95,349897,76.5546,76.8952,0.340557
5122,83,1020256,76.3221,76.9027,0.580635
5140,60,303660,76.5877,76.9192,0.331567
5142,8,282837,76.6126,76.9569,0.344278
5158,13,1092,76.899,76.9651,0.0661134
5159,34,431,76.9023,76.9684,0.0660743
5162,38,499,76.9211,76.9872,0.0660824
5145,28,345088,76.6707,77.0048,0.334094
5147,11,371524,76.7012,77.0428,0.341537
5165,46,198,77.0049,77.071,0.0660463
5166,65,747,77.0293,77.0979,0.0686022
5131,57,342465,76.4619,77.1238,0.661946
5157,89,88369,76.8953,77.143,0.247709
5168,33,598,77.0813,77.1474,0.0660915
5169,34,258,77.09,77.1561,0.0660535
5152,65,376027,76.83,77.1725,0.342523
5154,66,391593,76.8469,77.187,0.34013
5155,1,214731,76.851,77.1885,0.33749
5170,46,7040,77.0907,77.2009,0.110216
5167,101,16988,77.0515,77.2058,0.154321
5174,2,1356,77.1637,77.2298,0.066124
5175,38,776,77.1705,77.2372,0.0666676
5160,10,344149,76.9052,77.2392,0.333919
5161,2,348819,76.9197,77.2532,0.333575
5176,77,689,77.2423,77.3088,0.0664763
5153,35,601093,76.8321,77.3153,0.483167
5177,48,1040,77.2508,77.3169,0.0661092
5178,36,458,77.2565,77.3226,0.0661146
5164,77,342483,76.9874,77.3241,0.336649
5180,65,1441,77.2767,77.3428,0.0661274
5163,26,630464,76.9214,77.3501,0.428735
5181,16,788,77.2931,77.3592,0.0660991
5179,113,11380,77.257,77.3675,0.110511
5172,90,113368,77.1377,77.3819,0.244155
5173,13,110903,77.1448,77.3904,0.245612
5156,89,311979,76.8799,77.3974,0.517496
5183,77,8020,77.3396,77.4499,0.110258
5185,51,331,77.4057,77.4718,0.0660623
5187,43,222,77.415,77.481,0.0660492
5188,33,672,77.4152,77.4813,0.0660945
5189,42,721,77.4285,77.4946,0.0660964
5192,14,475,77.4386,77.5047,0.0660996
5191,48,1226,77.4386,77.5048,0.06614
5195,110,127,77.4764,77.5424,0.0660378
5196,71,804,77.482,77.5481,0.0660998
5171,38,656204,77.1319,77.5557,0.423763
5197,2,184,77.5049,77.5709,0.0660446
5200,92,656,77.5776,77.6437,0.0660938
5201,80,414,77.5824,77.6485,0.0660722
5204,111,525,77.5951,77.6641,0.0689635
5202,11,1272,77.5911,77.6641,0.0730751
5184,107,349254,77.3632,77.7041,0.34093
5182,109,348101,77.3198,77.7052,0.385386
5190,39,234282,77.4291,77.7193,0.290159
5186,9,409968,77.4072,77.7465,0.339267
5209,111,571,77.6908,77.7627,0.0718266
5199,82,132882,77.545,77.7995,0.254583
5212,33,825,77.7457,77.8118,0.0661006
5213,40,5188,77.7697,77.8362,0.0665045
5198,20,245791,77.5099,77.8503,0.340334
5214,10,683,77.7829,77.8531,0.0702023
5194,60,369152,77.466,77.8539,0.387901
5208,26,149569,77.6751,77.9229,0.247786
5207,87,167705,77.6317,77.9238,0.292107
5203,34,266013,77.595,77.9359,0.340944
5205,33,340674,77.5953,77.9383,0.342991
5206,107,377777,77.6239,77.9588,0.334843
5217,33,730,77.9077,77.9738,0.0660968
5210,63,348451,77.6934,78.0355,0.342165
5211,101,354926,77.7029,78.0411,0.338262
5218,30,8669,77.9403,78.0506,0.110288
5224,108,492,77.9976,78.0637,0.0660816
5227,85,609,78.0497,78.1158,0.066092
5225,105,7922,78.0155,78.1258,0.110278
5228,79,646,78.0997,78.1658,0.066114
5230,19,412,78.1126,78.1793,0.066729
5215,17,347911,77.8539,78.1874,0.333552
5231,61,119,78.1267,78.1928,0.0660639
5232,35,4056,78.131,78.1974,0.0664251
5223,43,76774,77.9742,78.2195,0.245257
5236,90,1713,78.1719,78.2381,0.0662303
5216,17,345604,77.9054,78.2389,0.333507
5233,47,8233,78.133,78.2433,0.110268
5220,49,226452,77.9628,78.256,0.293174
5238,17,231,78.1856,78.2563,0.07067
5221,68,228026,77.9665,78.2601,0.293664
5226,90,141029,78.0211,78.272,0.250876
5219,94,349236,77.9607,78.2951,0.334399
5240,40,246,78.2412,78.3072,0.0660521
5222,39,347205,77.9737,78.3103,0.336559
5242,26,845,78.2577,78.3238,0.0661214
5244,17,1182,78.3042,78.3703,0.066117
5229,79,192386,78.1057,78.3952,0.289463
5246,93,157,78.3308,78.3978,0.0669726
5235,54,132370,78.1521,78.3978,0.245673
5237,10,106583,78.18,78.4238,0.243856
5234,110,280423,78.1441,78.4397,0.295615
5245,47,11255,78.3308,78.4421,0.111386
5251,112,777,78.4685,78.5346,0.0660987
5239,102,349494,78.2082,78.5476,0.33932
5252,4,548,78.4953,78.5614,0.0660895
5253,80,439,78.4962,78.5623,0.0660752
5243,5,154079,78.2875,78.5746,0.287068
5241,36,341244,78.2521,78.5865,0.334428
5255,89,649,78.5258,78.5922,0.0663432
5256,93,280,78.5419,78.608,0.0660829
5257,111,438,78.5819,78.648,0.0660751
5247,87,215034,78.3642,78.6535,0.289314
5260,43,137,78.6031,78.6692,0.066039
5261,16,128,78.6115,78.6775,0.0660379
5258,62,9100,78.5974,78.7077,0.110305
5248,10,348405,78.3898,78.7278,0.337988
5263,62,1056,78.6623,78.7288,0.0664603
5264,102,586,78.6675,78.7336,0.066091
5265,78,815,78.691,78.7575,0.0665411
5249,46,402728,78.4219,78.7583,0.336397
5193,100,525070,77.4545,78.7685,1.31406
5250,109,340070,78.4586,78.7953,0.336686
5259,73,110124,78.5977,78.8418,0.244097
5272,45,4806,78.8249,78.8911,0.066275
5262,32,195659,78.6219,78.911,0.289067
5274,46,767,78.8442,78.911,0.0667985
5275,85,334,78.8527,78.9187,0.0660626
5254,68,657514,78.5005,78.9259,0.425412
5276,106,9370,78.8609,78.9712,0.110329
5269,16,131778,78.7539,79,0.246076
5279,77,10501,78.8982,79.0086,0.110389
5281,89,248,78.9543,79.0208,0.0664862
5282,27,459,78.9585,79.0245,0.0660776
5266,32,302715,78.6973,79.0364,0.339142
5267,83,257786,78.7429,79.0389,0.296028
5284,35,445,78.9811,79.0472,0.066076
5270,32,214653,78.7725,79.0651,0.292586
5268,87,270251,78.7437,79.086,0.342317
5285,23,7359,78.9836,79.0939,0.110304
5286,12,1728,79.0342,79.1003,0.066141
5287,39,433,79.0376,79.1037,0.0660745
5288,77,697,79.0382,79.1046,0.0663554
5277,43,128118,78.8741,79.119,0.244871
5290,65,651,79.0711,79.1372,0.0661285
5291,45,347,79.0801,79.1461,0.0660642
5296,74,293,79.1688,79.2349,0.0660833
5271,5,584064,78.8176,79.2389,0.421353
5298,38,1207,79.1849,79.251,0.066118
5278,107,472884,78.8938,79.2712,0.377354
5280,1,341255,78.9449,79.2783,0.333467
5283,60,345202,78.9689,79.3079,0.339002
5300,17,3678,79.246,79.3122,0.0662255
5299,10,13298,79.2098,79.3204,0.110562
5301,32,732,79.2753,79.3426,0.0673666
5302,56,600,79.3077,79.3738,0.0660916
5289,43,347871,79.0525,79.3906,0.338183
5304,101,344,79.3299,79.401,0.0710976
5292,34,342610,79.0944,79.4306,0.336254
5295,68,152965,79.15,79.4489,0.298893
5293,6,345497,79.1465,79.4829,0.336384
5294,114,346340,79.1486,79.4899,0.341277
5308,62,664,79.4301,79.4962,0.0660942
5307,85,10611,79.3987,79.509,0.110372
5297,34,374253,79.1821,79.5168,0.334687
5310,28,444,79.457,79.523,0.0660758
5273,109,346032,78.8318,79.5255,0.693723
5311,56,1270,79.4605,79.5266,0.066144
5312,89,627,79.4718,79.5379,0.0660927
5303,10,102913,79.3255,79.5756,0.250093
5314,16,661,79.5234,79.5895,0.066094
5316,78,795,79.5268,79.5972,0.0703578
5317,12,243,79.551,79.6171,0.0660517
5319,24,461,79.5662,79.6323,0.0660779
5321,35,647,79.5813,79.6482,0.0668744
5305,86,344947,79.3483,79.6892,0.340962
5306,61,295115,79.3487,79.69,0.3413
5323,46,1344,79.6323,79.6984,0.0661235
5324,95,1022,79.6556,79.7217,0.0661085
5325,70,652,79.6906,79.7567,0.0660937
5326,113,727,79.7103,79.7764,0.0660967
5327,1,177,79.7124,79.7784,0.0660438
5313,35,193872,79.5056,79.794,0.288381
5328,11,761,79.7291,79.7952,0.0661185
5315,76,201704,79.5245,79.8155,0.290977
5309,33,220507,79.4435,79.826,0.382506
5330,7,5075,79.7662,79.8325,0.0662879
5334,101,493,79.7842,79.8503,0.0660876
5322,39,121494,79.62,79.8692,0.249233
5331,105,14515,79.7701,79.8806,0.110565
5333,32,7094,79.7794,79.8896,0.110219
5318,64,345750,79.5593,79.8928,0.333428
5337,22,442,79.8324,79.8985,0.0661065
5320,78,344345,79.5675,79.9009,0.333383
5336,17,9003,79.7962,79.9065,0.11032
5340,17,7097,79.8389,79.9491,0.110219
5348,88,620,79.9764,80.0426,0.0661194
5332,1,268414,79.7758,80.0679,0.292092
5350,73,403,80.0434,80.11,0.0665373
5349,97,7340,80.0115,80.1218,0.110297
5351,110,522,80.0574,80.1235,0.0661158
5338,88,252185,79.8365,80.1309,0.294399
5335,28,289883,79.7958,80.1384,0.342567
5329,70,341370,79.7555,80.1402,0.384685
5341,64,192092,79.8535,80.1505,0.296989
5339,11,334927,79.8375,80.176,0.338498
5352,32,10459,80.0679,80.1848,0.116954
5342,58,301110,79.8539,80.1941,0.340201
5344,101,228884,79.8924,80.2734,0.38105
5345,43,340696,79.9548,80.2886,0.33373
5346,95,325200,79.9668,80.2994,0.332519
5347,29,333346,79.9739,80.3125,0.338689
5361,65,1458,80.3751,80.4412,0.0661281
5353,62,334221,80.1335,80.4669,0.333384
5362,36,310,80.4053,80.4714,0.0660598
5355,27,190328,80.1907,80.481,0.290282
5343,83,342142,79.8894,80.5365,0.647036
5367,72,588,80.5281,80.5942,0.0660911
5356,112,254425,80.3082,80.6019,0.293641
5368,66,255,80.5356,80.6035,0.067888
5354,26,546733,80.1897,80.6088,0.419124
5359,48,200268,80.3542,80.643,0.288717
5370,98,1765,80.5848,80.6511,0.0662291
5357,46,347812,80.3247,80.6625,0.337776
5358,37,346241,80.34,80.6734,0.333449
5363,71,79878,80.4374,80.6801,0.242684
5371,40,650,80.6226,80.6887,0.0660936
5360,13,298939,80.3637,80.6951,0.331391
5373,20,1464,80.6303,80.6965,0.0662307
5378,70,634,80.6708,80.741,0.0701652
5381,71,619,80.7038,80.7699,0.0660924
5383,97,537,80.7428,80.8091,0.0663339
5364,86,283166,80.4887,80.8231,0.334398
5365,85,347419,80.489,80.8343,0.345317
5366,36,182127,80.5002,80.8368,0.336679
5386,93,2118,80.7953,80.8615,0.0661566
5377,83,38625,80.6647,80.8632,0.198487
5369,109,236883,80.5434,80.8822,0.338809
5375,106,100288,80.6537,80.8984,0.244765
5374,62,226549,80.6408,80.9336,0.292802
5390,33,242,80.8719,80.938,0.0660516
5372,80,402350,80.6241,80.9603,0.336158
5395,58,1076,80.9093,80.9775,0.0682412
5396,72,1825,80.9251,80.995,0.0699088
5379,110,315750,80.6723,81.0124,0.340098
5382,8,234596,80.7246,81.0198,0.295218
5380,108,320315,80.6977,81.03,0.332302
5376,43,436960,80.6578,81.0404,0.382625
5399,55,609,80.9748,81.0455,0.070737
5400,77,1917,80.98,81.0469,0.0669265
5398,14,7226,80.9391,81.0493,0.110224
5401,101,594,81.0015,81.0692,0.0676406
5384,16,253333,80.7906,81.0833,0.292642
5389,36,144440,80.8637,81.1153,0.251585
5403,38,7285,81.0205,81.1312,0.110695
5387,101,349959,80.8082,81.1443,0.336127
5388,27,348632,80.8189,81.1573,0.338495
5404,109,10053,81.0585,81.1701,0.111639
5391,77,349206,80.876,81.2105,0.334484
5385,90,305066,80.7942,81.2171,0.422832
5407,86,622,81.1511,81.2172,0.0660992
5394,46,233801,80.8888,81.2315,0.342767
5393,11,283912,80.8862,81.2331,0.346894
5397,112,349021,80.9277,81.268,0.340265
5402,74,220404,81.0131,81.3028,0.289746
5412,15,631,81.2666,81.3327,0.0660928
5413,13,276,81.2781,81.3441,0.0660644
5410,46,7172,81.2509,81.3612,0.110222
5416,64,964,81.3706,81.4367,0.0661062
5417,21,742,81.3722,81.4393,0.0671719
5405,59,379282,81.1072,81.4446,0.337329
5406,54,350027,81.1356,81.4692,0.333618
5418,47,719,81.4107,81.4768,0.0660964
5409,55,199505,81.2046,81.4943,0.289621
5419,108,3190,81.4369,81.5033,0.0663523
5411,76,105298,81.2598,81.5037,0.243943
5408,40,344325,81.1944,81.5277,0.333364
5421,85,1922,81.4722,81.5384,0.0661832
5420,107,10491,81.4461,81.5564,0.110376
5423,10,221,81.5617,81.6277,0.0660638
5425,79,1067,81.5822,81.6484,0.0661103
5414,70,347813,81.337,81.6705,0.333519
5426,47,519,81.622,81.6881,0.0660848
5415,59,331709,81.3672,81.7,0.332806
5428,10,787,81.6609,81.727,0.0660991
5429,34,784,81.6789,81.7456,0.0666169
5422,34,145515,81.5462,81.7919,0.245608
5427,4,31889,81.6504,81.8053,0.154962
5433,85,616,81.7706,81.8367,0.0660922
5434,10,399,81.7999,81.866,0.0660704
5437,14,5117,81.8178,81.884,0.0662896
5438,71,238,81.8303,81.8964,0.0660849
5424,28,308052,81.5647,81.8965,0.331774
5440,65,386,81.8752,81.9413,0.0660689
5432,27,66363,81.7513,81.951,0.199707
5435,57,17262,81.808,81.9624,0.154319
5442,108,882,81.9175,81.9836,0.0661029
5443,51,674,81.9268,81.9929,0.0660946
5430,93,235491,81.7131,82.0034,0.290212
5444,22,471,81.9375,82.0036,0.0660791
5445,42,494,81.939,82.0051,0.0660818
5441,56,6802,81.9004,82.0106,0.110254
5431,71,349269,81.7283,82.0627,0.334448
5447,53,209,82.0188,82.0849,0.0660476
5439,63,182251,81.8558,82.1437,0.287868
5449,4,10931,82.0338,82.1451,0.111325
5436,71,350119,81.8132,82.1507,0.337501
5453,10,712,82.0858,82.1531,0.0672585
5450,33,6505,82.0574,82.1676,0.110193
5456,94,693,82.1309,82.197,0.0661309
5454,34,6254,82.0929,82.2031,0.110181
5464,51,286,82.2562,82.3222,0.0660569
5446,23,432172,81.947,82.3263,0.379312
5392,21,345421,80.8849,82.33,1.44503
5466,70,285,82.2659,82.3319,0.0660778
5461,27,6136,82.2234,82.3335,0.110176
5452,4,154900,82.072,82.3603,0.288266
5448,23,342491,82.0259,82.3609,0.334955
5467,76,7383,82.2713,82.3816,0.11023
5470,97,662,82.317,82.3831,0.066114
5459,6,132263,82.1488,82.3938,0.244987
5451,20,305573,82.0657,82.3974,0.33165
5471,15,152,82.3419,82.4079,0.0660408
5473,17,433,82.3836,82.4497,0.0660745
5475,24,1800,82.396,82.4692,0.073126
5458,107,340576,82.1397,82.4746,0.334916
5457,97,345975,82.1332,82.5157,0.382564
5462,83,273796,82.2503,82.5506,0.300317
5460,100,340992,82.1686,82.5577,0.389077
5478,15,840,82.4955,82.5625,0.066922
5455,60,465001,82.1254,82.5626,0.437256
5479,59,788,82.4978,82.5639,0.0660991
5469,9,164064,82.2803,82.5682,0.287941
5474,60,58456,82.3839,82.5833,0.199361
5468,77,402663,82.2778,82.615,0.337214
5472,83,130298,82.3442,82.6405,0.296305
5484,60,205,82.5876,82.6536,0.0660506
5463,76,317377,82.2544,82.6746,0.420178
5465,62,344597,82.2565,82.6881,0.431656
5487,46,642,82.6618,82.7279,0.0660933
5477,7,234415,82.4612,82.7515,0.290325
5486,102,9031,82.6449,82.7552,0.110303
5481,47,107598,82.5227,82.7693,0.24655
5476,55,344978,82.4375,82.7855,0.348042
5489,70,652,82.7255,82.7927,0.0671985
5490,10,751,82.731,82.7971,0.0660976
5483,52,251552,82.5416,82.8362,0.294623
5480,65,342899,82.4995,82.8379,0.338363
5491,56,436,82.789,82.8551,0.0660749
5482,6,346640,82.5368,82.8713,0.334541
5485,77,304842,82.6026,82.9342,0.331619
5495,27,132,82.8775,82.9436,0.0660384
5488,112,227932,82.6703,82.9633,0.293023
5496,22,6660,82.8916,83.0018,0.110199
5502,22,616,83.0003,83.0668,0.06654
5492,63,251369,82.8043,83.098,0.293718
5494,56,246943,82.8667,83.1593,0.292653
5493,87,371801,82.85,83.1846,0.334625
5501,12,81738,82.9554,83.1982,0.242819
5504,74,12822,83.0893,83.2024,0.113102
5507,73,680,83.1556,83.2245,0.0688976
5499,46,195145,82.9337,83.225,0.291371
5508,94,4206,83.1682,83.2346,0.0664305
5513,15,379,83.2037,83.2698,0.066068
5500,45,342404,82.9476,83.2811,0.333466
5497,80,502111,82.9242,83.304,0.379804
5512,111,6481,83.1997,83.3143,0.114593
5516,26,256,83.2513,83.3173,0.0660533
5517,59,610,83.2617,83.3278,0.066092
5518,59,3227,83.2683,83.3345,0.0662075
5514,59,7120,83.2299,83.3401,0.11022
5498,17,576904,82.9296,83.3536,0.423976
5520,79,623,83.2888,83.3585,0.0696416
5505,98,215559,83.1061,83.3958,0.289679
5506,111,204207,83.1071,83.3995,0.292427
5526,53,1190,83.362,83.4281,0.0661174
5528,32,630,83.3727,83.4388,0.0661071
5529,101,623,83.3749,83.441,0.0660925
5511,16,97980,83.197,83.4476,0.250552
5531,16,1917,83.407,83.4737,0.0666256
5503,85,607365,83.0536,83.4795,0.425901
5510,45,251702,83.1875,83.4802,0.292704
5509,26,308266,83.1714,83.5034,0.331976
5519,56,105748,83.2881,83.5382,0.250118
5533,36,703,83.4739,83.5461,0.0722419
5523,46,86066,83.2982,83.5473,0.249054
5521,13,213216,83.292,83.5882,0.296236
5532,53,13373,83.4285,83.5911,0.162573
5537,76,639,83.5305,83.5966,0.0660932
5525,81,225347,83.3247,83.6173,0.292586
5515,98,457155,83.242,83.623,0.38105
5522,15,243336,83.2932,83.6349,0.341724
5540,46,4552,83.5677,83.6354,0.0676264
5535,73,7012,83.5221,83.6361,0.113981
5538,30,6637,83.5349,83.6451,0.110198
5524,37,392321,83.3154,83.6553,0.339902
5527,74,266793,83.3622,83.6563,0.294041
5541,107,12228,83.5727,83.6873,0.114647
5543,95,758,83.6189,83.6879,0.0690147
5546,48,486,83.6501,83.7162,0.0660809
5547,51,568,83.6505,83.7165,0.0660903
5534,82,106248,83.4793,83.7274,0.248088
5530,70,321990,83.3905,83.7275,0.337028
5549,56,474,83.6841,83.7502,0.0660794
5539,42,130894,83.5568,83.8017,0.24496
5551,104,461,83.7479,83.814,0.0660779
5536,42,347863,83.5272,83.8642,0.337039
5552,51,5858,83.758,83.8687,0.110739
5554,17,206,83.8247,83.8907,0.0660473
5555,30,1044,83.8257,83.8918,0.0661094
5544,14,241227,83.6201,83.9132,0.293051
5542,20,323070,83.5841,83.92,0.335892
5553,113,29991,83.808,83.9629,0.154923
5548,109,281039,83.654,83.9846,0.330542
5557,99,7111,83.883,83.9932,0.110219
5556,13,41855,83.8409,84.0396,0.198641
5545,6,547754,83.6339,84.0535,0.419556
5562,54,741,83.9957,84.0618,0.0661215
5550,22,304823,83.7304,84.0621,0.331654
5565,64,190,84.0649,84.131,0.0660454
5567,35,427,84.0808,84.1469,0.0660738
5559,35,83319,83.9247,84.1676,0.242833
5560,14,133590,83.9403,84.1872,0.246899
5571,60,454,84.1437,84.2097,0.066077
5558,6,347776,83.8924,84.2259,0.33352
5573,14,444,84.1615,84.23,0.0685514
5561,33,241603,83.946,84.2376,0.291612
5563,14,134028,84.0011,84.2462,0.245066
5574,53,583,84.1917,84.2578,0.0660909
5572,23,7018,84.1547,84.265,0.110365
5576,12,472,84.208,84.274,0.0660792
5577,78,658,84.2115,84.2795,0.0680804
5578,39,696,84.2158,84.2819,0.0660954
5579,12,650,84.2262,84.2923,0.0660936
5575,91,6413,84.2013,84.3122,0.110923
5569,46,87291,84.1084,84.352,0.243622
5564,21,320263,84.0332,84.3655,0.3323
5566,12,327394,84.0662,84.4018,0.335655
5570,59,154062,84.1228,84.4099,0.287118
5585,27,1115,84.3514,84.4175,0.0661144
5586,4,1209,84.3634,84.4295,0.0661181
5568,78,280735,84.1076,84.4381,0.330505
5588,36,4751,84.4381,84.5043,0.0662728
5589,47,421,84.4516,84.5177,0.0660731
5587,102,7084,84.4216,84.5319,0.110218
5582,94,213752,84.2701,84.5624,0.2923
5580,33,291623,84.2524,84.5843,0.331958
5583,16,228860,84.2943,84.5847,0.29041
5594,65,783,84.5217,84.589,0.0673127
5581,35,347424,84.2675,84.6015,0.333987
5595,104,189,84.5357,84.6031,0.0673944
5596,46,746,84.5367,84.6053,0.0685547
5592,32,5813,84.512,84.6221,0.110154
5600,102,791,84.5766,84.6427,0.0661076
5601,13,494,84.6052,84.6713,0.0660818
5602,63,1227,84.6073,84.6734,0.0661188
5584,63,482988,84.3022,84.6821,0.379937
5603,91,635,84.6358,84.7018,0.066093
5604,78,224,84.645,84.7111,0.0660494
5590,25,212816,84.4646,84.7539,0.289243
5605,77,7241,84.6479,84.7581,0.110224
5606,57,7262,84.6802,84.7904,0.110225
5609,39,239,84.7404,84.8064,0.0660715
5591,34,322236,84.4899,84.8223,0.332453
5610,102,348,84.7585,84.8246,0.0660795
5611,77,175,84.7733,84.8394,0.0660751
5614,54,623,84.8167,84.8828,0.0661166
5597,21,315122,84.5511,84.8832,0.332104
5598,97,288723,84.5611,84.8921,0.331007
5615,57,686,84.8328,84.9009,0.0680604
5593,37,533880,84.5197,84.9048,0.385114
5599,93,328205,84.5694,84.9089,0.339555
5607,22,116228,84.6916,84.9359,0.244281
5613,94,33160,84.8058,84.9609,0.155017
5618,27,604,84.8992,84.9653,0.0660918
5620,95,464,84.9143,84.9804,0.0660782
5622,39,671,84.9203,84.9864,0.0661042
5623,5,618,84.948,85.0141,0.0661007
5626,38,1806,85.0457,85.1119,0.0661442
5617,93,155221,84.8437,85.1306,0.286892
5612,97,349675,84.8038,85.1392,0.335398
5608,1,601082,84.7238,85.1451,0.421325
5616,94,347486,84.8399,85.1766,0.336673
5629,105,505,85.1233,85.1893,0.0660832
5619,28,195494,84.904,85.1925,0.28851
5630,80,393,85.1404,85.2065,0.0660697
5631,76,684,85.1438,85.2099,0.0661355
5633,71,726,85.1691,85.2352,0.0661187
5636,70,617,85.2066,85.2728,0.0661276
5625,37,94625,85.0376,85.2823,0.244647
5621,66,446637,84.9201,85.2963,0.376194
5638,104,438,85.254,85.3226,0.068578
5640,55,695,85.3279,85.394,0.0661309
5632,95,100491,85.1559,85.3995,0.243589
5624,59,466344,85.0283,85.409,0.380698
5641,76,685,85.3556,85.4217,0.066095
5627,20,308874,85.1058,85.4379,0.332035
5644,90,759,85.3849,85.4512,0.0662545
5628,34,398741,85.12,85.4565,0.336472
5634,10,293560,85.1734,85.5046,0.33112
5635,48,307170,85.1794,85.5111,0.33172
5637,12,156689,85.2263,85.5207,0.29435
5643,14,17730,85.3802,85.5346,0.15434
5646,70,666,85.4769,85.543,0.0660942
5647,27,620,85.4866,85.5527,0.0660924
5639,21,189331,85.269,85.5572,0.2882
5642,86,71023,85.3711,85.571,0.199951
5651,109,642,85.5623,85.6284,0.0660933
5652,35,195,85.5898,85.6558,0.066046
5653,7,1536,85.6106,85.6767,0.0661312
5654,45,411,85.6328,85.6989,0.0660953
5655,34,526,85.636,85.7021,0.0660857
5648,8,139286,85.5264,85.7717,0.245296
5645,81,351721,85.4531,85.7883,0.335265
5657,95,210,85.7423,85.8083,0.0660478
5659,70,1733,85.7746,85.8408,0.0661412
5649,111,297154,85.53,85.8613,0.331279
5650,32,599440,85.539,85.9603,0.421253
5666,48,213,85.9099,85.976,0.0660481
5656,5,320664,85.6471,85.9796,0.332491
5658,20,107606,85.7424,85.9863,0.243901
5669,35,13910,85.954,86.0645,0.110517
5671,27,1160,86.0013,86.0675,0.0661679
5661,102,88398,85.825,86.0681,0.243192
5673,14,465,86.0459,86.1121,0.0661356
5660,91,348560,85.801,86.1363,0.335267
5668,107,115093,85.9462,86.1904,0.244231
5662,80,349370,85.873,86.207,0.334034
5664,1,264864,85.8787,86.2198,0.341121
5677,60,6236,86.1448,86.2571,0.112333
5681,34,155,86.1932,86.2592,0.0660629
5663,99,369098,85.8786,86.261,0.382389
5682,38,655,86.1962,86.2623,0.066107
5665,109,266607,85.88,86.2648,0.384882
5683,85,390,86.1999,86.2659,0.0660913
5678,15,5367,86.1526,86.2678,0.115192
5667,86,244530,85.9299,86.2711,0.34118
5684,6,513,86.2051,86.2712,0.0660906
5679,73,6841,86.1735,86.2837,0.110206
5685,64,776,86.2291,86.2952,0.0660986
5686,113,610,86.2434,86.3095,0.0660936
5674,34,130511,86.0698,86.3185,0.248687
5687,74,469,86.2757,86.3418,0.0660788
5688,40,363,86.2758,86.3419,0.0660661
5670,26,580648,85.9553,86.3783,0.422996
5691,93,398,86.3311,86.3971,0.0660703
5675,45,343857,86.0885,86.4226,0.334079
5676,9,346130,86.1415,86.475,0.333462
5694,73,388,86.4161,86.4822,0.0660772
5680,56,303899,86.1915,86.5231,0.331611
5698,79,511,86.4807,86.5468,0.0661262
5699,85,115,86.4969,86.5629,0.0660364
5700,106,238,86.5069,86.5747,0.0677893
5690,107,221455,86.291,86.5836,0.292551
5689,106,348967,86.2862,86.622,0.33579
5703,15,9462,86.5299,86.6404,0.110483
5705,12,7373,86.5932,86.7035,0.110297
5695,4,161394,86.4202,86.7083,0.288125
5706,59,3826,86.6676,86.7347,0.0671231
5696,76,238504,86.4593,86.7496,0.290346
5701,37,106295,86.5072,86.7512,0.243949
5702,6,133491,86.5122,86.7598,0.247625
5707,56,515,86.6971,86.7638,0.0667223
5697,19,239917,86.4717,86.7647,0.293029
5692,9,504608,86.3924,86.7719,0.37945
5693,37,542766,86.3958,86.8146,0.41877
5709,61,654,86.8305,86.8966,0.0661396
5704,110,411928,86.5647,86.9393,0.374642
5713,13,389,86.9064,86.9725,0.0660692
5714,33,677,86.936,87.0021,0.0660947
5715,102,1201,86.9531,87.0192,0.0661178
5710,24,60196,86.8327,87.0323,0.199688
5717,73,780,87.0042,87.0703,0.0660988
5716,12,7003,86.9733,87.0835,0.110215
5721,91,412,87.0442,87.1103,0.066072
5722,1,623,87.0548,87.1216,0.0668471
5723,25,801,87.0653,87.1314,0.0660996
5711,15,219337,86.8547,87.1442,0.289501
5724,48,467,87.0807,87.1467,0.0660786
5726,83,699,87.0883,87.1544,0.0660956
5708,78,302626,86.8286,87.1601,0.331519
5727,97,658,87.1051,87.1712,0.0660939
5728,66,488,87.131,87.1971,0.0660811
5712,65,372381,86.8774,87.2124,0.334943
5718,48,120807,87.0193,87.2638,0.244486
5730,74,294,87.2028,87.2689,0.06607
5731,14,440,87.2085,87.2746,0.0660953
5732,98,3544,87.2366,87.3028,0.0662202
5733,13,643,87.2397,87.3058,0.0661
5719,90,281722,87.0255,87.3561,0.330579
5720,29,445554,87.0297,87.4074,0.377625
5736,9,504,87.3525,87.4192,0.0667212
5737,90,1202,87.3783,87.4444,0.0661178
5725,16,520584,87.0836,87.4637,0.380068
5739,45,253,87.5107,87.5767,0.0660529
5672,81,621288,86.0126,87.5936,1.58101
5729,107,584822,87.1895,87.6101,0.420627
5734,60,200134,87.3293,87.6179,0.288655
5741,22,4364,87.5714,87.6376,0.0662594
5735,24,399001,87.3405,87.6763,0.335818
5738,47,75943,87.4821,87.7246,0.242507
5742,89,10811,87.6809,87.7913,0.110382
5746,33,792,87.7442,87.8103,0.0660993
5744,74,7091,87.7125,87.8227,0.110218
5740,51,326159,87.5391,87.8716,0.33256
5750,9,631,87.8296,87.8957,0.0660928
5751,59,3622,87.8353,87.9016,0.0662233
5752,77,277,87.8446,87.9107,0.0660558
5753,24,1497,87.847,87.9131,0.0661296
5754,12,5037,87.8532,87.9195,0.0662864
5755,10,279,87.8584,87.9245,0.0660623
5743,92,239432,87.6824,87.9744,0.292016
5757,100,542,87.9232,87.9893,0.0661075
5762,26,777,87.9849,88.051,0.0660987
5745,48,294913,87.7247,88.0573,0.332667
5764,34,332,88.0057,88.0718,0.0660624
5747,72,344910,87.7449,88.0787,0.333815
5765,13,455,88.0164,88.0825,0.0660772
5767,53,208,88.0278,88.0939,0.0660475
5749,65,150192,87.8205,88.107,0.286527
5769,38,802,88.0504,88.1165,0.0660997
5748,95,476796,87.7658,88.1433,0.377528
5771,79,4170,88.1019,88.1681,0.0662474
5756,53,380364,87.8627,88.1992,0.336507
5759,60,211702,87.9455,88.2357,0.290152
5773,33,441,88.1806,88.2484,0.0677949
5775,26,617,88.1886,88.257,0.0684658
5776,15,2357,88.1914,88.2603,0.0688608
5768,38,79284,88.0452,88.2896,0.24436
5763,73,249058,87.9998,88.2924,0.292519
5760,55,295003,87.9612,88.2934,0.332178
5761,77,342231,87.9658,88.3015,0.335683
5758,49,397012,87.9266,88.3067,0.380128
5766,55,343269,88.0228,88.3594,0.336607
5779,47,1044,88.3314,88.3975,0.0661094
5780,21,647,88.3446,88.4107,0.0660935
5770,24,253178,88.0642,88.4432,0.379009
5772,46,166403,88.1771,88.465,0.287903
5783,64,781,88.3997,88.4663,0.0665962
5784,113,347,88.4129,88.479,0.066083
5785,107,711,88.4308,88.4969,0.066096
5774,12,345089,88.1869,88.5223,0.335373
5789,92,237,88.4663,88.5323,0.066051
5777,20,182497,88.265,88.554,0.289005
5778,95,218864,88.2673,88.5578,0.29043
5790,35,5086,88.494,88.5603,0.0662883
5786,6,6682,88.4507,88.5609,0.1102
5781,20,156486,88.3526,88.6398,0.28723
5782,82,155405,88.3938,88.6805,0.286684
5792,45,584,88.6311,88.6972,0.066091
5794,39,602,88.6629,88.7291,0.0661164
5795,77,1277,88.6633,88.7294,0.0661208
5788,21,341048,88.4653,88.7985,0.33322
5799,6,1293,88.7444,88.8105,0.0661215
5800,45,596,88.7552,88.8214,0.0661109
5801,47,336,88.7822,88.8483,0.0660629
5802,20,2312,88.786,88.8522,0.0661666
5791,60,249132,88.5718,88.8643,0.292511
5787,27,573228,88.4552,88.8753,0.420133
5805,14,4904,88.8736,88.9399,0.066281
5797,33,106874,88.7087,88.9561,0.247413
5796,111,184457,88.668,88.9615,0.293514
5806,46,318,88.8897,88.9617,0.071945
5808,33,520,88.925,88.9912,0.0661238
5809,70,7344,88.9324,89.0452,0.112762
5812,10,2721,88.9891,89.0553,0.0661851
5793,22,550491,88.6628,89.083,0.420133
5814,66,385,89.0262,89.0924,0.0661112
5798,13,353661,88.7108,89.0938,0.383
5803,97,344175,88.7926,89.1262,0.333605
5804,81,242851,88.8637,89.1542,0.290536
5819,64,2289,89.1124,89.1786,0.0661656
5821,110,195,89.1357,89.2018,0.066046
5822,48,678,89.1392,89.2053,0.0661261
5823,35,5001,89.1696,89.2359,0.0663132
5810,57,188055,88.9497,89.2385,0.288806
5811,78,185698,88.964,89.2529,0.288895
5825,22,621,89.22,89.2861,0.0660924
5813,22,224490,89.0128,89.3081,0.295347
5827,80,388,89.2498,89.3158,0.0660691
5824,20,8254,89.2103,89.3206,0.110351
5816,94,138782,89.0807,89.3267,0.246003
5807,60,621641,88.9176,89.3417,0.424092
5815,73,244377,89.0552,89.3493,0.294131
5830,22,596,89.3039,89.3708,0.0668676
5828,21,6095,89.2709,89.3811,0.110202
5834,104,629,89.3382,89.4043,0.0660928
5820,13,201763,89.1222,89.4109,0.288731
5817,79,355940,89.0828,89.4172,0.334376
5838,74,13246,89.4005,89.511,0.110488
5840,104,285,89.4537,89.52,0.0663018
5826,30,260732,89.2299,89.5243,0.294387
5832,51,164609,89.3154,89.6028,0.287344
5836,87,131239,89.3609,89.6059,0.244959
5829,9,343651,89.2775,89.6114,0.333855
5831,109,295240,89.3048,89.6368,0.332016
5835,101,198687,89.3544,89.643,0.288615
5818,78,104258,89.0987,89.6579,0.559226
5833,33,320254,89.3359,89.6699,0.333928
5837,45,359014,89.3742,89.7082,0.334017
5847,73,459,89.6425,89.7086,0.0660914
5842,85,110308,89.4775,89.7215,0.24402
5851,111,4023,89.6597,89.7259,0.0662415
5839,87,218255,89.4535,89.7429,0.289475
5852,61,626,89.6854,89.7515,0.0660994
5849,20,7087,89.6512,89.7614,0.110218
5850,76,10425,89.6559,89.7662,0.110365
5854,64,1105,89.7126,89.7788,0.066114
5855,87,672,89.7239,89.79,0.0660945
5841,48,296791,89.4666,89.7979,0.331268
5857,28,442,89.7326,89.7987,0.0660978
5860,4,1193,89.7987,89.8655,0.0668236
5844,98,213704,89.5815,89.8714,0.289911
5856,31,27096,89.7253,89.88,0.154751
5861,20,275,89.8298,89.896,0.0662072
5843,100,340058,89.5647,89.898,0.333316
5846,6,253852,89.6189,89.9116,0.292724
5845,79,318766,89.5836,89.9166,0.332925
5848,9,347190,89.6495,89.9835,0.333901
5853,59,154242,89.708,89.9947,0.28665
5862,47,66588,89.8464,90.0476,0.201151
5858,57,242425,89.7574,90.0502,0.29279
5859,80,232303,89.7699,90.0602,0.290309
5870,99,1157,90.0084,90.0745,0.066116
5873,89,13806,90.0208,90.1313,0.110513
5875,73,292,90.0747,90.1423,0.0675792
5865,78,256467,89.8918,90.1866,0.294813
5864,51,342792,89.8699,90.2033,0.333354
5878,72,650,90.1492,90.2153,0.0660936
5866,1,309524,89.9177,90.2611,0.343389
5874,89,131105,90.0311,90.2797,0.248619
5869,90,274631,89.9912,90.2894,0.298262
5867,5,346217,89.9528,90.2906,0.337782
5868,102,345899,89.9614,90.2953,0.333978
5871,105,203965,90.0125,90.3043,0.291819
5863,24,738508,89.8511,90.3204,0.469222
5872,105,344750,90.0201,90.3553,0.33519
5877,17,94467,90.132,90.3797,0.24764
5876,45,187560,90.1105,90.3994,0.288909
5885,14,2558,90.4128,90.4791,0.0663052
5881,111,104494,90.2408,90.4861,0.24534
5879,102,331766,90.1713,90.5066,0.335255
5880,59,347300,90.1898,90.526,0.336163
5890,98,635,90.5013,90.5674,0.066093
5889,61,7395,90.4895,90.5998,0.110231
5882,51,159620,90.3618,90.6487,0.28687
5895,100,664,90.6027,90.6691,0.0664124
5897,30,714,90.637,90.7031,0.0660962
5898,89,215,90.6391,90.7051,0.0660484
5888,80,104983,90.4631,90.7079,0.244768
5886,47,160451,90.4225,90.7094,0.286908
5887,35,225847,90.4287,90.7185,0.289787
5899,89,620,90.6543,90.7215,0.0671738
5883,95,343110,90.3889,90.7239,0.335044
5884,7,345461,90.3957,90.7308,0.335059
5901,56,608,90.6679,90.734,0.0660919
5902,10,786,90.6989,90.7656,0.0667076
5891,72,152085,90.5118,90.7983,0.286548
5904,13,641,90.7521,90.8191,0.0669636
5892,72,347031,90.5215,90.8551,0.333564
5893,34,347244,90.5269,90.8629,0.335992
5894,110,348940,90.5443,90.8814,0.337072
5908,80,567,90.8376,90.904,0.0664226
5896,56,264778,90.6338,90.9265,0.292681
5909,8,2344,90.8802,90.9464,0.0661678
5900,9,280124,90.6598,90.9531,0.293276
5903,12,118404,90.7214,90.9658,0.244425
5910,33,7272,90.8827,90.993,0.110318
5905,13,77118,90.7547,90.9974,0.24272
5906,72,83210,90.7824,91.0252,0.242828
5911,78,6884,90.9342,91.0444,0.110208
5912,105,13775,90.9862,91.0967,0.110512
5913,35,277,91.0621,91.1281,0.0660558
5915,105,547,91.0766,91.1427,0.0660895
5907,86,405920,90.8181,91.1542,0.336087
5916,113,553,91.1031,91.1692,0.0660897
5917,77,269,91.133,91.1991,0.0660548
5920,92,622,91.1852,91.2512,0.0660925
5921,105,316,91.1903,91.2563,0.0660605
5922,71,769,91.1966,91.2627,0.0661214
5914,15,110497,91.064,91.308,0.244032
5925,109,989,91.2537,91.3198,0.0661072
5926,79,788,91.2581,91.3242,0.0660991
5927,44,1421,91.2637,91.3298,0.0661266
5924,111,5598,91.2356,91.3458,0.110128
5928,72,435,91.2811,91.3472,0.0660748
5923,12,114849,91.206,91.4502,0.244221
5934,73,746,91.3906,91.4574,0.0667848
5918,54,238848,91.1679,91.4587,0.29082
5935,101,505,91.4064,91.4725,0.0660832
5939,26,797,91.4752,91.5413,0.0660995
5919,89,444661,91.1774,91.5545,0.377107
5929,106,144129,91.3117,91.5576,0.245932
5941,61,718,91.5178,91.5839,0.0660963
5942,46,896,91.5242,91.5903,0.0661258
5933,74,89912,91.3602,91.6044,0.244246
5944,70,560,91.5442,91.6103,0.06609
5946,65,254,91.5655,91.6316,0.0660662
5931,53,242233,91.3448,91.6354,0.290578
5943,29,7487,91.5402,91.6504,0.110234
5930,92,346844,91.3293,91.6628,0.333476
5936,17,91161,91.4282,91.6714,0.243179
5948,28,223,91.6106,91.6767,0.0660721
5949,65,5120,91.6158,91.6821,0.0662897
5932,94,362024,91.353,91.6871,0.334146
5937,49,112659,91.4544,91.699,0.244621
5951,48,671,91.6418,91.7079,0.0660944
5952,66,545,91.6566,91.7227,0.0660894
5938,20,224937,91.4739,91.7637,0.289758
5955,109,830,91.702,91.7681,0.0661198
5956,76,456,91.7487,91.8147,0.0660773
5945,56,274214,91.5527,91.8447,0.291952
5950,90,108369,91.6266,91.8705,0.243938
5940,99,500588,91.4997,91.8786,0.378949
5947,25,344851,91.6034,91.9373,0.333812
5962,79,139,91.8937,91.9597,0.0660392
5953,66,435201,91.6575,92.0332,0.375687
5965,102,481,91.9757,92.0419,0.0661825
5963,22,17126,91.8968,92.0512,0.1544
5954,85,526510,91.6747,92.0548,0.38015
5958,4,139379,91.8263,92.0726,0.246328
5959,72,133231,91.828,92.0742,0.246287
5957,19,342578,91.755,92.0901,0.335052
5961,48,168490,91.8481,92.1355,0.287405
5960,109,346093,91.8416,92.175,0.333441
5969,9,792,92.157,92.2231,0.0660993
5964,79,212845,91.9488,92.2382,0.289453
5972,15,4967,92.2288,92.2951,0.0662836
5966,26,157327,92.0411,92.3279,0.28677
5974,7,519,92.279,92.3451,0.0660848
5975,81,759,92.2997,92.3658,0.066098
5976,60,1185,92.3826,92.4487,0.0661172
5967,15,348517,92.1351,92.4703,0.335248
5970,48,342316,92.1709,92.5042,0.333296
5981,90,4063,92.4389,92.5051,0.0662584
5973,72,133916,92.2691,92.5142,0.245095
5968,48,417447,92.147,92.5218,0.374894
5971,19,373969,92.2284,92.564,0.335539
5985,53,484,92.568,92.6341,0.0660886
5979,20,132546,92.4032,92.6492,0.24603
5978,80,237792,92.3891,92.6816,0.292435
5990,22,791,92.6297,92.6958,0.0660992
5992,39,406,92.6543,92.7211,0.0668236
5977,111,478689,92.3855,92.7631,0.37761
5982,65,214395,92.499,92.7898,0.290809
5983,74,184670,92.5,92.7944,0.294385
5980,16,346259,92.4188,92.8,0.381166
5996,28,611,92.7446,92.8107,0.066092
5991,59,63378,92.6418,92.8492,0.207409
6000,109,488,92.8005,92.8665,0.0660811
5984,94,396006,92.5005,92.887,0.386477
5988,85,194801,92.5972,92.8896,0.292441
5998,32,7081,92.7801,92.8927,0.112614
6003,66,619,92.8333,92.8994,0.0661157
5986,5,354511,92.5707,92.9052,0.33453
6004,113,416,92.8472,92.9133,0.0660725
6001,86,7056,92.8049,92.9151,0.110217
6005,32,1190,92.8495,92.9157,0.0661174
5993,107,216921,92.6994,92.9888,0.289411
5994,10,158503,92.7113,92.9984,0.287172
6007,95,170,92.9335,93.0001,0.0665497
5987,28,179188,92.5922,93.0191,0.426909
5989,52,175300,92.5972,93.0209,0.423686
5995,19,385426,92.7133,93.0495,0.336213
6002,109,143726,92.8123,93.0578,0.245503
6010,92,715,93.0041,93.0701,0.0660962
5999,15,340578,92.7991,93.1327,0.333624
6016,53,719,93.1125,93.1786,0.0660964
6013,26,7185,93.072,93.1822,0.110222
6017,111,447,93.1219,93.188,0.0660762
6018,13,353,93.1261,93.1921,0.0660742
6006,86,349010,92.8618,93.1965,0.334679
5997,28,617908,92.7723,93.1999,0.427558
6012,13,61407,93.0454,93.2479,0.202563
6008,102,239772,92.9682,93.2586,0.290403
6020,56,453,93.2349,93.301,0.0660893
6009,92,346411,92.9857,93.3227,0.336973
6014,39,233845,93.0736,93.3637,0.290142
6023,97,366,93.3152,93.3812,0.0660665
6011,34,510503,93.0209,93.4,0.379079
6015,22,343613,93.0763,93.4136,0.337359
6026,76,460,93.3765,93.4426,0.0660781
6019,95,120194,93.2071,93.4551,0.24806
6028,97,3600,93.4069,93.4732,0.0662224
6029,15,664,93.4145,93.4806,0.0661169
6031,17,632,93.4716,93.5377,0.0660929
6032,12,4286,93.5091,93.5753,0.066252
6022,14,246958,93.3101,93.6008,0.290716
6034,22,330,93.544,93.6101,0.0660622
6035,14,361,93.5481,93.6142,0.0661112
6025,21,252323,93.3397,93.6306,0.290961
6021,17,436185,93.2546,93.6358,0.381187
6024,20,303932,93.3257,93.6573,0.331578
6038,39,613,93.6169,93.683,0.0660921
6039,17,321,93.6247,93.6907,0.0660611
6036,55,18629,93.5649,93.7193,0.154378
6027,24,348722,93.3889,93.7226,0.333711
6042,10,743,93.6723,93.7385,0.0661271
6030,4,297312,93.4491,93.7804,0.331285
6033,109,358643,93.5258,93.86,0.334164
6045,38,699,93.8149,93.881,0.0661211
6040,101,226377,93.6314,93.9213,0.28981
6037,97,341893,93.5919,93.9252,0.33327
6047,86,738,93.8921,93.9582,0.0660971
6041,73,344449,93.6473,93.9807,0.333369
6050,10,275,93.9424,94.0084,0.0660556
6044,73,116591,93.7757,94.0219,0.246206
6053,112,592,94.0522,94.1183,0.0660913
6054,15,437,94.0648,94.1308,0.066075
6055,33,273,94.0705,94.1365,0.0660553
6046,19,196871,93.8651,94.1575,0.29242
6048,111,347089,93.9012,94.235,0.333719
6049,83,344002,93.9398,94.2732,0.333351
6052,105,82371,94.0377,94.2817,0.244031
6043,97,990611,93.7283,94.2859,0.557636
6057,56,174,94.2231,94.2891,0.0660434
6058,65,298,94.2301,94.2961,0.0660583
6059,33,1155,94.2501,94.3163,0.0661204
6060,73,393,94.254,94.3201,0.0660697
6051,65,201371,94.0368,94.3258,0.288966
6063,102,742,94.2813,94.3474,0.0660973
6061,101,7469,94.2582,94.3685,0.110317
6062,91,7296,94.2799,94.3901,0.110227
6065,16,2870,94.3308,94.397,0.066191
6056,46,82205,94.1704,94.415,0.244631
6068,66,346,94.3715,94.4375,0.0660641
6070,26,624,94.4311,94.4972,0.0660926
6071,109,619,94.483,94.5491,0.0660924
6072,20,5004,94.5032,94.5695,0.066285
6076,53,242,94.5203,94.5863,0.0660516
6064,72,214421,94.3085,94.5978,0.289285
6078,48,524,94.5425,94.6088,0.0663324
6067,33,139004,94.3636,94.6091,0.245548
6079,38,4201,94.5622,94.6285,0.0662486
6080,56,567,94.5672,94.6333,0.0660903
6069,102,129798,94.4308,94.6757,0.24488
6081,44,7681,94.5676,94.6778,0.110244
6066,10,340602,94.3561,94.6893,0.3332
6083,20,1029,94.6895,94.7557,0.0661667
6075,90,101688,94.5156,94.7592,0.243641
6077,101,209366,94.5412,94.8302,0.289092
6073,46,348355,94.5037,94.8372,0.333545
6074,97,408507,94.512,94.8497,0.337683
6084,37,773,94.8139,94.88,0.0661211
6085,5,106,94.8778,94.9438,0.0660353
6086,24,164,94.8805,94.9466,0.0660422
6087,48,799,94.9153,94.9814,0.0660996
6088,83,750,94.9274,94.9935,0.0660976
6089,15,183,94.9394,95.0054,0.0660445
6082,112,595869,94.5983,95.0194,0.421095
6090,12,7412,94.9533,95.0636,0.110254
6096,61,810,95.1504,95.2166,0.0661223
6097,49,754,95.1715,95.2376,0.0660978
6100,101,9944,95.2061,95.3165,0.110389
6091,10,282470,94.9858,95.3165,0.33071
6101,97,10912,95.2112,95.3218,0.11059
6092,13,347531,95.0105,95.344,0.333505
6093,92,303878,95.017,95.3486,0.331576
6102,60,8410,95.2592,95.3695,0.110276
6095,65,239797,95.1335,95.4239,0.290438
6107,10,1826,95.3713,95.4374,0.066145
6094,113,341464,95.1141,95.4474,0.3333
6108,74,4264,95.387,95.4533,0.0662511
6110,13,1224,95.4415,95.5076,0.0661187
6098,106,349184,95.1814,95.517,0.3356
6103,53,149501,95.2715,95.5184,0.246863
6099,106,363948,95.199,95.5332,0.334232
6104,39,311575,95.2964,95.6283,0.331916
6105,10,345956,95.3001,95.6355,0.335427
6106,26,409360,95.3657,95.702,0.33624
6111,46,6429,95.5944,95.7046,0.110188
6116,102,619,95.6909,95.757,0.0660924
6117,80,636,95.7085,95.7746,0.066093
6109,16,442182,95.4012,95.7772,0.376
6114,28,12205,95.6821,95.7925,0.110442
6112,64,76215,95.6037,95.8462,0.24252
6113,17,344409,95.6241,95.9577,0.333628
6115,79,154509,95.69,95.9767,0.286646
6124,113,619,96.0034,96.0695,0.0660924
6118,97,148841,95.8271,96.0733,0.246142
6125,63,774,96.0246,96.0907,0.0660986
6123,111,7309,96.0009,96.1111,0.110227
6129,112,1030,96.0585,96.1246,0.0661088
6133,62,800,96.1463,96.2124,0.0660996
6121,91,266176,95.9613,96.2529,0.291581
6135,1,494,96.1975,96.2661,0.0685734
6120,15,341871,95.9314,96.2691,0.337733
6126,111,104561,96.0267,96.278,0.251313
6134,9,5812,96.1745,96.2846,0.110154
6122,105,348633,95.9759,96.311,0.335103
6119,109,600576,95.8889,96.3669,0.478056
6127,90,344822,96.0323,96.3782,0.34591
6128,111,215640,96.0457,96.384,0.338277
6139,113,654,96.3562,96.4237,0.0674519
6140,17,102,96.3566,96.424,0.067413
6141,1,4653,96.3569,96.4247,0.0678127
6130,7,251471,96.0871,96.4264,0.339321
6136,46,132503,96.2616,96.5128,0.251211
6144,38,763,96.558,96.6241,0.0661211
6137,44,224495,96.3367,96.6264,0.289764
6145,16,206,96.5866,96.6527,0.0660473
6146,21,5261,96.5955,96.6618,0.0662953
6147,60,1062,96.6381,96.7042,0.0661101
6138,24,516685,96.3476,96.728,0.38043
6132,60,344216,96.1353,96.7365,0.601192
6143,38,103553,96.5174,96.7611,0.243724
6131,102,595937,96.1264,96.7693,0.642843
6149,105,539,96.7205,96.7866,0.0660892
6142,92,343911,96.4881,96.8215,0.333357
6151,37,6765,96.7727,96.8829,0.110203
6155,45,613,96.8259,96.892,0.0660921
6148,53,245435,96.6435,96.935,0.291498
6153,85,137186,96.7967,97.0419,0.245223
6152,32,240658,96.7777,97.0683,0.290558
6150,1,349734,96.7584,97.092,0.333604
6154,21,348487,96.8185,97.1521,0.333548
6158,87,186,97.1322,97.1983,0.0660449
6159,45,668,97.1546,97.2207,0.0660943
6160,102,650,97.177,97.2431,0.0660936
6161,100,2881,97.185,97.2512,0.0661915
6162,54,721,97.1982,97.2643,0.0660964
6163,86,679,97.2379,97.304,0.0660948
6157,92,101913,97.0739,97.3175,0.243652
6165,74,483,97.3387,97.4048,0.0660805
6156,54,813389,96.9471,97.4545,0.507317
6167,48,374,97.4133,97.4793,0.0660674
6168,13,438,97.4435,97.5096,0.0660751
6169,37,4451,97.4783,97.5445,0.0662608
6166,10,119397,97.3653,97.6118,0.246551
6174,1,634,97.5825,97.6486,0.066093
6175,13,582,97.5876,97.6556,0.0680406
6164,65,342187,97.3211,97.6564,0.335312
6177,20,623,97.6181,97.6842,0.0660925
6178,113,152,97.6461,97.7121,0.0660408
6172,9,121252,97.5512,97.7957,0.244503
6183,9,7453,97.6973,97.8077,0.110398
6171,17,318020,97.5201,97.8524,0.332291
6170,56,499729,97.4949,97.8761,0.381196
6186,95,204,97.8456,97.9123,0.0667198
6188,61,388,97.8524,97.9198,0.0674098
6181,94,145669,97.6746,97.9217,0.247128
6185,10,8306,97.8208,97.931,0.110271
6176,90,346506,97.6137,97.9483,0.33459
6179,37,245758,97.6603,97.9515,0.291231
6173,102,346268,97.5756,97.9548,0.379201
6190,91,1035,97.8869,97.9563,0.0694465
6191,109,334,97.8871,97.9564,0.0692416
6187,112,7126,97.8496,97.9608,0.111194
6180,16,249705,97.6708,97.9617,0.290916
6182,16,208830,97.6788,97.9679,0.289063
6192,85,768,97.9901,98.0562,0.0660983
6189,37,142621,97.8715,98.1173,0.245871
6195,62,700,98.0791,98.1452,0.0660956
6184,98,525567,97.8017,98.1819,0.380131
6197,28,297,98.1237,98.1898,0.0660582
6201,1,689,98.1873,98.2534,0.0660952
6200,9,7050,98.1586,98.2688,0.110226
6194,57,108725,98.0389,98.2829,0.24395
6204,52,639,98.2234,98.2895,0.0660932
6193,57,213555,98.0041,98.2951,0.291008
6202,16,10828,98.2018,98.3122,0.110383
6206,60,4570,98.279,98.3455,0.0664699
6207,7,2298,98.2875,98.3536,0.066166
6208,9,3432,98.3341,98.4003,0.0662157
6196,19,381496,98.0925,98.4278,0.335298
6199,15,151751,98.1472,98.434,0.286819
6205,16,77928,98.2511,98.4937,0.242595
6212,57,675,98.4582,98.5248,0.0665598
6213,15,668,98.4652,98.5313,0.0660943
6203,87,345217,98.2198,98.5532,0.333404
6198,45,598515,98.1463,98.5682,0.421896
6214,5,6314,98.5479,98.6581,0.110211
6216,73,617,98.6075,98.6735,0.0660923
6215,13,7389,98.5847,98.6949,0.11023
6210,38,164332,98.4205,98.7076,0.287078
6218,38,1809,98.6458,98.7119,0.0661443
6209,87,345344,98.413,98.7466,0.333555
6211,100,382490,98.4465,98.7816,0.335053
6220,59,13210,98.6905,98.801,0.110487
6217,91,274303,98.6366,98.9286,0.292007
6227,79,1232,98.9005,98.9666,0.066119
6228,81,694,98.9258,98.9919,0.0660954
6219,17,290969,98.6628,98.9938,0.331005
6221,28,211658,98.7312,99.0204,0.289161
6223,90,91001,98.7814,99.0247,0.243335
6232,59,4450,98.9988,99.065,0.0662607
6225,73,106743,98.8261,99.0715,0.245431
6233,59,401,99.0144,99.0804,0.0660707
6235,97,611,99.0273,99.0934,0.066092
6222,87,343792,98.7652,99.0992,0.333917
6224,57,170231,98.8261,99.1134,0.287342
6236,95,420,99.0574,99.1235,0.066073
6230,15,38529,98.9452,99.1449,0.1997
6226,28,149037,98.9,99.1459,0.245928
6240,73,2200,99.1825,99.2487,0.0661621
6231,62,363044,98.9722,99.3112,0.339082
6237,20,64207,99.143,99.3426,0.199612
6234,59,374978,99.0173,99.3541,0.336802
6243,7,2430,99.342,99.4082,0.0661713
6229,95,811190,98.9362,99.446,0.50975
6239,16,232899,99.182,99.4721,0.290097
6251,81,423,99.4611,99.5272,0.0660733
6249,25,7378,99.4278,99.5381,0.11023
6255,70,409,99.4753,99.5414,0.0660716
6241,104,157975,99.2895,99.5783,0.288733
6256,87,6407,99.4808,99.591,0.110187
6246,7,144997,99.3768,99.6243,0.247533
6242,91,287612,99.3185,99.6496,0.33112
6248,113,101002,99.4213,99.6656,0.244258
6254,46,60352,99.4736,99.6742,0.200589
6244,15,349723,99.3516,99.6852,0.333604
6247,13,237569,99.4067,99.6971,0.290373
6258,57,758,99.6312,99.6973,0.0660979
6259,4,560,99.6337,99.6999,0.0661151
6261,1,443,99.6362,99.7025,0.0663408
6245,87,329153,99.3671,99.7578,0.390671
6253,21,221149,99.4733,99.7631,0.28985
6264,60,4628,99.7169,99.7831,0.0662678
6265,70,467,99.72,99.7861,0.0660786
6250,9,348297,99.458,99.7947,0.336682
6252,28,347988,99.4633,99.8004,0.337125
6257,92,290787,99.5317,99.8627,0.331011
6266,28,533,99.8182,99.8843,0.0660865
6262,73,146409,99.6491,99.8951,0.245987
6260,72,224250,99.6358,99.9256,0.289759
6263,52,302250,99.6646,99.9962,0.331544
6268,89,304,99.9311,99.9972,0.066071
6269,87,1388,99.9916,100.058,0.0661253
6271,72,663,100.152,100.218,0.0661328
6267,5,564964,99.84,100.26,0.419729
6274,57,846,100.226,100.292,0.0661014
6275,72,781,100.234,100.3,0.0660988
6273,63,7341,100.2,100.31,0.110228
6276,57,689,100.273,100.339,0.0660952
6270,113,315174,100.038,100.37,0.332075
6279,92,4711,100.392,100.458,0.0662712
6272,100,342711,100.152,100.486,0.333366
6280,33,504,100.438,100.504,0.066083
6238,52,338192,99.1531,100.509,1.35537
6277,30,101655,100.294,100.537,0.243639
6284,87,636,100.506,100.572,0.066093
6282,25,8697,100.486,100.596,0.110289
6286,21,582,100.596,100.662,0.0660909
6278,53,214427,100.384,100.674,0.289761
6285,7,9958,100.565,100.675,0.110344
6289,21,563,100.619,100.685,0.0661131
6290,9,569,100.63,100.696,0.0660904
6283,59,150183,100.487,100.773,0.286421
6281,17,342404,100.456,100.789,0.333279
6291,87,785,100.723,100.789,0.066117
6288,105,173339,100.607,100.896,0.289015
6287,17,348267,100.605,100.939,0.334555
6294,52,1162,100.91,100.976,0.0661162
6292,113,108673,100.736,100.98,0.243948
6293,109,238839,100.826,101.117,0.290656
6295,104,110266,101,101.244,0.244257
6302,8,646,101.185,101.251,0.0660934
6297,64,88538,101.114,101.357,0.243063
6296,53,344478,101.059,101.392,0.33337
6306,100,705,101.338,101.404,0.0660958
6300,71,143176,101.177,101.423,0.245508
6301,102,108153,101.182,101.426,0.24402
6298,80,348577,101.14,101.473,0.33367
6299,15,345294,101.169,101.503,0.333722
6310,15,430,101.435,101.504,0.0682612
6311,100,596,101.438,101.504,0.0660959
6303,113,138576,101.288,101.534,0.24569
6313,105,399,101.493,101.559,0.0660704
6304,89,154072,101.295,101.581,0.286627
6305,9,211995,101.321,101.611,0.289303
6315,81,541,101.58,101.646,0.0660892
6316,46,775,101.583,101.649,0.0660986
6317,79,131,101.601,101.667,0.0660546
6307,62,290894,101.345,101.676,0.331441
6312,28,121312,101.438,101.683,0.244539
6309,45,201866,101.422,101.711,0.288759
6308,90,378104,101.385,101.72,0.334969
6319,20,344,101.686,101.752,0.0660638
6322,28,721,101.785,101.851,0.0660964
6314,112,289694,101.532,101.863,0.331013
6318,62,107970,101.623,101.867,0.243936
6323,19,10925,101.786,101.896,0.110528
6326,7,1630,101.837,101.903,0.0661371
6328,60,684,101.922,101.988,0.066095
6320,57,367425,101.741,102.077,0.335645
6325,102,238706,101.824,102.116,0.292336
6324,107,378165,101.797,102.132,0.33486
6327,79,86127,101.9,102.143,0.242956
6321,13,582015,101.777,102.198,0.420482
6329,4,987,102.167,102.233,0.0661071
6330,72,670,102.208,102.274,0.0660944
6331,45,1296,102.213,102.279,0.0661216
6333,58,520,102.243,102.309,0.066085
6336,89,296,102.388,102.454,0.0660581
6335,4,7392,102.373,102.483,0.11023
6332,28,285847,102.217,102.548,0.330769
6334,113,346066,102.318,102.652,0.33344
6343,33,2514,102.782,102.848,0.0661746
6344,33,315,102.818,102.884,0.0660604
6337,13,348995,102.579,102.918,0.339465
6338,85,345611,102.58,102.921,0.340448
6339,32,345610,102.598,102.931,0.33342
6340,104,375107,102.652,102.987,0.334725
6347,79,698,102.931,102.997,0.0660955
6341,94,271501,102.751,103.043,0.291851
6349,28,432,103.023,103.089,0.0661616
6345,20,146564,102.867,103.113,0.24564
6342,44,451119,102.756,103.133,0.376525
6346,48,214877,102.871,103.16,0.289305
6354,5,1252,103.116,103.182,0.0661198
6355,17,646,103.138,103.204,0.0660936
6357,94,642,103.234,103.3,0.0660933
6358,87,635,103.244,103.31,0.066093
6351,4,217246,103.032,103.323,0.29042
6348,8,504385,102.944,103.326,0.382113
6352,90,211676,103.039,103.331,0.292455
6359,1,123,103.321,103.387,0.0660373
6360,92,4763,103.322,103.388,0.0662732
6353,29,189522,103.103,103.391,0.288187
6350,102,458948,103.024,103.401,0.376859
6361,49,2079,103.438,103.504,0.0661551
6356,112,208228,103.218,103.509,0.290776
6362,32,179,103.443,103.509,0.0660548
6363,86,6572,103.447,103.557,0.110196
6367,46,409,103.612,103.678,0.0660716
6364,48,206398,103.463,103.752,0.288931
6369,94,6386,103.645,103.755,0.110186
6371,74,644,103.806,103.872,0.0660934
6365,59,410299,103.545,103.883,0.337981
6366,79,346566,103.568,103.908,0.339633
6372,71,327,103.866,103.932,0.0660618
6368,37,344075,103.612,103.947,0.334811
6373,91,658,103.881,103.949,0.0681062
6370,46,342929,103.68,104.013,0.333331
6375,7,136,104.024,104.09,0.0660389
6378,85,340,104.187,104.253,0.0660634
6379,100,816,104.199,104.265,0.0661002
6374,109,401181,104.002,104.338,0.336116
6383,30,790,104.276,104.342,0.0660992
6376,16,209388,104.067,104.358,0.290879
6385,32,697,104.309,104.375,0.0660955
6382,13,7153,104.268,104.379,0.110282
6377,90,455953,104.11,104.486,0.376605
6389,92,528,104.451,104.517,0.0660859
6380,91,191524,104.233,104.521,0.288276
6388,92,6095,104.426,104.536,0.110174
6391,97,789,104.523,104.589,0.0661398
6381,105,400343,104.255,104.591,0.335878
6384,33,241497,104.306,104.596,0.290478
6392,92,154,104.572,104.638,0.0660412
6386,86,282534,104.371,104.701,0.330616
6395,17,606,104.663,104.729,0.0660918
6396,15,729,104.68,104.746,0.0660968
6387,20,390803,104.372,104.757,0.38472
6390,24,346450,104.516,104.851,0.334771
6393,79,322883,104.65,104.983,0.332451
6394,92,445980,104.653,105.031,0.378519
6398,105,308,105.026,105.092,0.0660595
6400,102,374,105.113,105.179,0.0661051
6397,20,347193,104.891,105.225,0.333505
6399,58,39268,105.079,105.277,0.198515
6401,4,654,105.216,105.282,0.0660938
6403,46,650,105.298,105.364,0.0660936
6404,80,2483,105.327,105.394,0.0661734
6405,81,617,105.375,105.441,0.0660923
6406,87,461,105.381,105.447,0.0660779
6402,85,341200,105.227,105.56,0.333226
6408,52,7963,105.478,105.588,0.110255
6407,9,223363,105.391,105.681,0.289677
6411,20,757,105.667,105.733,0.0660979
6409,86,307039,105.6,105.931,0.331715
6415,105,2631,105.876,105.943,0.0667432
6410,20,345755,105.618,105.952,0.333428
6412,79,248394,105.695,105.989,0.293684
6414,4,58618,105.827,106.027,0.199367
6413,48,346825,105.741,106.075,0.334103
6417,33,1115,106.088,106.154,0.0661144
6419,17,705,106.136,106.202,0.0660958
6420,87,616,106.183,106.25,0.0660922
6416,20,222516,106,106.29,0.289641
6423,100,179,106.255,106.321,0.066044
6424,74,624,106.261,106.327,0.0660926
6418,21,346903,106.107,106.441,0.333478
6427,45,221,106.383,106.449,0.0660491
6426,20,11166,106.378,106.489,0.110642
6421,86,155879,106.238,106.525,0.286954
6428,59,4953,106.48,106.546,0.066283
6425,85,214943,106.28,106.569,0.28931
6422,9,350970,106.243,106.577,0.333663
6431,86,649,106.551,106.617,0.0660936
6429,94,6689,106.524,106.634,0.1102
6432,13,436,106.585,106.651,0.0660749
6434,48,707,106.721,106.787,0.0660959
6435,15,699,106.731,106.797,0.0660956
6430,57,306247,106.536,106.867,0.331681
6437,33,712,106.863,106.929,0.0660961
6433,58,303933,106.662,106.994,0.331578
6438,33,1151,106.95,107.016,0.0661158
6436,28,366681,106.734,107.069,0.334353
6440,8,728,107.038,107.104,0.0661112
6441,48,539,107.069,107.135,0.0660892
6442,102,5378,107.08,107.19,0.110102
6445,9,252,107.175,107.241,0.0660528
6449,33,135,107.222,107.288,0.0660611
6439,5,341102,106.994,107.327,0.333222
6446,15,79321,107.198,107.441,0.242655
6443,52,310523,107.133,107.465,0.33187
6444,86,344520,107.155,107.488,0.333386
6447,24,219520,107.205,107.496,0.291231
6450,105,145337,107.293,107.539,0.245991
6448,16,314036,107.208,107.541,0.333801
6451,17,233611,107.3,107.591,0.291547
6454,37,728,107.62,107.686,0.0660967
6452,13,349522,107.538,107.872,0.333594
6453,32,306180,107.613,107.945,0.331676
6457,59,1037,107.902,107.968,0.0661091
6458,24,357,107.904,107.97,0.0660654
6459,58,658,107.924,107.99,0.0660939
6460,104,618,107.964,108.03,0.0660923
6455,105,292656,107.824,108.155,0.331079
6462,17,318,108.092,108.158,0.0660715
6456,49,340762,107.858,108.191,0.333207
6464,45,4395,108.126,108.193,0.0662797
6466,16,413,108.187,108.253,0.0660721
6463,5,33666,108.109,108.264,0.15504
6461,79,341652,107.986,108.32,0.333246
6469,105,6640,108.224,108.334,0.110289
6465,62,349444,108.135,108.469,0.334012
6467,62,208322,108.188,108.477,0.289251
6468,17,196283,108.192,108.48,0.288486
6470,57,158608,108.355,108.642,0.286863
6472,99,10469,108.555,108.665,0.110367
6471,85,219753,108.408,108.698,0.289549
6474,105,648,108.705,108.771,0.0660935
6475,28,7434,108.718,108.828,0.110232
6473,104,139279,108.599,108.844,0.245296
6476,52,4552,108.784,108.85,0.0662648
6477,73,251,108.847,108.913,0.0660527
6479,48,243,109.169,109.235,0.0660517
6478,102,349963,108.938,109.272,0.333613
6481,94,1296,109.392,109.458,0.0661216
6482,16,633,109.4,109.466,0.0660929
6483,105,660,109.413,109.479,0.066094
6480,28,344166,109.27,109.603,0.333358
6485,44,5162,109.55,109.616,0.0662914
6488,30,725,109.655,109.722,0.0660966
6484,102,213332,109.504,109.793,0.289237
6487,79,71199,109.645,109.847,0.201537
6486,74,307373,109.599,109.931,0.331731
6489,45,620,109.897,109.963,0.0660924
6491,105,349,109.974,110.04,0.0660644
6490,24,81696,109.918,110.161,0.242761
6495,90,239,110.129,110.195,0.0660512
6498,33,6088,110.189,110.299,0.110174
6493,109,189962,110.023,110.312,0.289267
6499,28,641,110.245,110.312,0.066843
6500,44,2516,110.257,110.323,0.0661747
6501,28,432,110.269,110.336,0.0660744
6492,17,346940,110.015,110.348,0.33348
6494,17,210058,110.06,110.354,0.29376
6503,48,856,110.336,110.403,0.0661018
6497,104,169452,110.188,110.475,0.287304
6504,87,293,110.418,110.484,0.0660577
6496,5,295054,110.167,110.498,0.331186
6502,94,141375,110.288,110.535,0.246779
6506,54,573,110.49,110.556,0.0660905
6510,91,527,110.648,110.714,0.0660913
6505,16,235824,110.424,110.714,0.290272
6511,8,680,110.679,110.745,0.0660948
6507,58,162415,110.527,110.814,0.286995
6512,107,250,110.754,110.82,0.0660777
6508,85,432823,110.553,110.929,0.375582
6509,48,460944,110.576,110.953,0.376826
6514,45,770,110.932,110.999,0.0660984
6513,37,211169,110.84,111.129,0.289139
6517,49,636,111.121,111.187,0.066093
6518,102,783,111.206,111.272,0.0660989
6515,105,272141,111.006,111.3,0.293528
6519,102,844,111.263,111.329,0.0661014
6516,73,106795,111.097,111.341,0.243871
6523,25,1017,111.439,111.505,0.0661083
6520,64,135685,111.268,111.513,0.245139
6524,16,1127,111.448,111.514,0.0661148
6525,54,559,111.45,111.516,0.06609
6527,100,641,111.512,111.578,0.0660932
6522,107,30025,111.437,111.592,0.154881
6521,48,94472,111.388,111.632,0.243324
6526,91,190288,111.451,111.739,0.288222
6529,90,5851,111.724,111.834,0.110159
6528,17,308912,111.691,112.023,0.331944
6534,79,276,111.993,112.059,0.0660557
6530,79,160891,111.802,112.089,0.286927
6536,87,4871,112.087,112.153,0.0662797
6532,28,94857,111.911,112.154,0.243362
6531,28,192873,111.87,112.159,0.288368
6537,31,303,112.127,112.193,0.0660589
6538,44,484,112.22,112.286,0.0661024
6533,73,470982,111.993,112.37,0.377269
6535,24,343193,112.043,112.376,0.333315
6541,73,129,112.423,112.489,0.066038
6544,8,205,112.571,112.637,0.0660472
6540,72,75747,112.401,112.643,0.242499
6539,100,311296,112.361,112.693,0.331903
6542,28,345827,112.483,112.816,0.333431
6543,45,165710,112.536,112.823,0.28714
6546,16,715,112.792,112.858,0.0661008
6545,102,245506,112.664,112.955,0.291493
6547,52,261571,112.796,113.088,0.291363
6549,81,94276,112.98,113.224,0.243316
6548,74,224987,112.949,113.239,0.289748
6551,94,7200,113.201,113.312,0.110232
6550,59,137175,113.108,113.353,0.245203
6552,91,660,113.409,113.475,0.066094
6554,81,657,113.554,113.62,0.0660939
6555,16,404,113.574,113.64,0.066071
6556,72,343,113.579,113.645,0.0660637
6557,104,778,113.628,113.694,0.0661226
6558,32,5214,113.665,113.732,0.0662934
6553,59,190020,113.449,113.737,0.288209
6559,64,638,113.682,113.748,0.0660931
6560,57,655,113.771,113.837,0.0660938
6561,16,311,113.789,113.855,0.0660599
6563,13,886,113.943,114.01,0.066103
6562,4,143562,113.872,114.117,0.245486
6566,91,7800,114.027,114.138,0.110249
6570,54,595,114.123,114.189,0.0660914
6564,102,134411,113.969,114.214,0.245081
6569,24,69259,114.094,114.296,0.20138
6565,4,348564,114.002,114.338,0.336195
6568,73,210381,114.084,114.375,0.290451
6567,85,341374,114.04,114.379,0.33947
6573,102,696,114.376,114.442,0.0660954
6574,13,659,114.395,114.461,0.066094
6571,45,234339,114.24,114.53,0.290161
6572,54,105223,114.359,114.603,0.243797
6575,91,664,114.667,114.733,0.0660942
6576,72,4649,114.679,114.745,0.0662687
6577,62,109,114.688,114.754,0.0660356
6579,52,319,114.707,114.773,0.0660608
6578,91,12120,114.69,114.801,0.110439
6580,71,659,114.785,114.851,0.066094
6582,74,10228,114.898,115.008,0.110357
6581,85,31950,114.857,115.012,0.154965
6584,37,1857,115.09,115.156,0.0661462
6585,32,156,115.13,115.196,0.0660413
6587,90,266,115.159,115.225,0.0660545
6588,85,502,115.218,115.284,0.0660828
6589,30,695,115.242,115.308,0.0660954
6583,85,209442,115.035,115.325,0.289064
6590,37,652,115.275,115.341,0.0660937
6592,94,211,115.39,115.456,0.0660479
6586,62,327600,115.133,115.466,0.332624
6593,100,105,115.401,115.467,0.0660455
6594,64,472,115.486,115.552,0.0660792
6591,30,218833,115.287,115.576,0.289478
6597,17,769,115.825,115.891,0.0660984
6595,85,340625,115.649,115.984,0.3349
6596,62,181749,115.782,116.07,0.287912
6599,81,772,116.016,116.082,0.0660985
6602,99,322,116.048,116.114,0.0660756
6598,57,182235,115.83,116.119,0.288734
6604,24,789,116.187,116.253,0.0660992
6606,91,430,116.225,116.291,0.0661162
6607,17,695,116.246,116.312,0.0660954
6600,79,328004,116.018,116.355,0.336911
6601,90,498568,116.047,116.426,0.378513
6605,90,143657,116.193,116.44,0.246957
6603,102,555863,116.06,116.479,0.419325
6608,73,343688,116.318,116.651,0.333337
6609,59,283263,116.33,116.663,0.333872
6610,24,26504,116.55,116.705,0.154725
6611,72,347727,116.599,116.933,0.333521
6612,74,533845,116.605,116.985,0.38022
6614,30,613,117.256,117.322,0.0660921
6616,64,624,117.38,117.446,0.0660926
6613,72,346313,117.13,117.463,0.333452
6617,32,1921,117.498,117.564,0.0661488
6618,32,787,117.538,117.604,0.0660991
6615,82,621079,117.287,117.709,0.422211
6619,74,605,117.675,117.741,0.0660918
6621,44,608,117.834,117.9,0.0660919
6623,58,697,117.954,118.02,0.0660955
6624,58,268,118.05,118.116,0.0660804
6620,73,312745,117.829,118.161,0.331981
6625,104,381,118.195,118.261,0.0660683
6622,44,444831,117.938,118.314,0.376113
6627,73,180527,118.327,118.615,0.288483
6626,44,393691,118.279,118.616,0.336887
6628,31,1007,118.832,118.898,0.0661079
6629,8,560374,119.433,119.853,0.419525
